position	p	q
3961	0.45871043639999987	0.5412895636000001
6513	0.45877295840000004	0.5412270416
9118	0.46236865200000005	0.5376313479999999
11678	0.414578772	0.585421228
14225	0.42124496040000003	0.5787550396
16936	0.42899032719999997	0.5710096728
19469	0.4298173001599999	0.5701826998400001
23526	0.4377378452000001	0.5622621548
26029	0.5091417196	0.4908582804
28685	0.3807906032	0.6192093968
31878	0.3689259911999999	0.6310740088000001
34630	0.3378450902799999	0.6621549097200001
37137	0.35988855643999995	0.64011144356
39830	0.42043127255999996	0.5795687274400001
42348	0.3832150921480001	0.6167849078519999
44895	0.38577733416	0.6142226658400001
47694	0.33358018634400005	0.666419813656
50248	0.32497771156	0.67502228844
52765	0.33744930671999995	0.66255069328
55273	0.338523515584	0.6614764844159999
57859	0.32375146212000006	0.67624853788
61301	0.33792899344	0.66207100656
66035	0.3433772620879999	0.6566227379120001
69184	0.30367675654000004	0.69632324346
71998	0.29811169375200003	0.7018883062479999
74813	0.31122980272	0.68877019728
78071	0.33960385124	0.6603961487600001
80574	0.33807252366359997	0.6619274763364
83621	0.34817278268	0.6518272173199999
86354	0.33540782496	0.66459217504
88971	0.354250081608	0.645749918392
91765	0.35661408403999995	0.64338591596
94693	0.34411307735999996	0.65588692264
97624	0.3499741754400001	0.6500258245599999
100760	0.4391959539147201	0.5608040460852799
103279	0.3354005049640001	0.6645994950359999
105866	0.37538945487999986	0.6246105451200001
108405	0.40894400568399997	0.5910559943160001
111222	0.45105144408000003	0.54894855592
114015	0.4282678684	0.5717321316
116631	0.4202281688399999	0.5797718311600001
119207	0.4773796530399999	0.5226203469600001
121743	0.43054220919999997	0.5694577908
124272	0.41345907372000007	0.5865409262799999
126803	0.44092470635999986	0.5590752936400001
129335	0.4060619248	0.5939380752000001
131932	0.4019209016	0.5980790984
134465	0.27890710932400004	0.7210928906759999
136994	0.36305481788	0.6369451821200001
139572	0.36269844832	0.63730155168
142151	0.3717094660559999	0.6282905339440001
144657	0.36856261844000004	0.63143738156
147384	0.3504810743200001	0.6495189256799999
150202	0.3462654964	0.6537345036
152787	0.36093926532000004	0.6390607346799999
155314	0.36099949519999996	0.6390005048
157926	0.35467806519999995	0.6453219348000001
160464	0.34279356724	0.65720643276
162972	0.34465821920000006	0.6553417807999999
165508	0.3455792923720001	0.654420707628
168140	0.34326512168	0.65673487832
170684	0.32548317924000003	0.67451682076
173515	0.3565771804696001	0.6434228195303999
176197	0.32979524745600003	0.670204752544
178727	0.32860737523999994	0.6713926247600001
181251	0.31473264748400004	0.685267352516
183836	0.27290981796399993	0.7270901820360001
186420	0.3004000092	0.6995999908
189098	0.30497614972000003	0.6950238502799999
191690	0.27192743472	0.72807256528
194194	0.24737354623279997	0.7526264537672
196818	0.28919599615999997	0.7108040038400001
199382	0.30995263172	0.69004736828
201903	0.31130693336000004	0.68869306664
204408	0.33257144340000006	0.6674285566
207060	0.3252256154	0.6747743846
209668	0.3375415394199999	0.6624584605800001
212257	0.29641376616	0.7035862338400001
214829	0.35777552644	0.64222447356
217404	0.37826366012	0.62173633988
219928	0.36591047339999994	0.6340895266000001
222471	0.3822371126400001	0.6177628873599998
225076	0.41752327578400006	0.5824767242159999
227674	0.4303619069199998	0.5696380930800002
230182	0.4189653434	0.5810346566
232704	0.45728120960000007	0.5427187903999999
235330	0.48580546232000016	0.5141945376799999
238787	0.52460752444	0.47539247555999997
241354	0.49810086436000006	0.50189913564
243928	0.540619203552	0.459380796448
246738	0.5445015751999999	0.45549842480000013
249243	0.5753037650583999	0.42469623494160014
251898	0.5763465086891999	0.4236534913108001
254521	0.5790324124	0.42096758759999997
257200	0.49126398891999995	0.5087360110800001
259769	0.5617552631999999	0.4382447368000001
272388	0.55927850132	0.44072149868
285662	0.5516411003999999	0.4483588996000001
289296	0.5624481047600001	0.43755189523999993
291968	0.5369273072	0.46307269279999996
294521	0.5452268532	0.4547731468
297061	0.55398448744	0.44601551256000005
300718	0.54882037292	0.45117962708000003
303323	0.5421123199479999	0.4578876800520001
306245	0.53276966156	0.46723033843999995
308785	0.5390298912399999	0.4609701087600001
311629	0.5486138215999999	0.45138617840000006
316504	0.55573316636	0.44426683363999997
319173	0.5106547533599999	0.4893452466400001
324539	0.5543740511999999	0.44562594880000006
327097	0.5435806068	0.4564193932
329637	0.5696787283999999	0.4303212716000001
332140	0.4958247075999999	0.5041752924
334824	0.46833455124000006	0.5316654487599999
337636	0.4422826713999999	0.5577173286000001
340137	0.5130848484000001	0.4869151515999999
342803	0.49149561408000003	0.50850438592
345313	0.4865017975792	0.5134982024208
347845	0.48949200362800005	0.510507996372
350391	0.51898251664	0.48101748336000005
352970	0.5066131776799999	0.4933868223200001
355481	0.494591677582	0.5054083224179999
357998	0.5123418090959999	0.4876581909040001
360609	0.5322798900000002	0.4677201099999998
363139	0.5558041384800001	0.4441958615199999
365702	0.5407031123999999	0.4592968876000001
368214	0.5415483453199998	0.45845165468000015
370724	0.5273396423999999	0.47266035760000014
373317	0.5567960592000001	0.4432039407999999
375826	0.4951484458	0.5048515542
381632	0.5208859815160001	0.4791140184839999
443168	0.30190806076	0.69809193924
446791	0.28638352676000006	0.7136164732399999
449338	0.276879398	0.7231206020000001
451867	0.2964688837804	0.7035311162196001
454379	0.32811927630212007	0.6718807236978799
456946	0.31471319144	0.68528680856
459608	0.36205187400000005	0.637948126
462130	0.40434771944000003	0.59565228056
465262	0.3820094919999999	0.6179905080000001
467781	0.39998494284	0.60001505716
470286	0.444568520684	0.555431479316
473392	0.5452146222800001	0.45478537771999994
475894	0.43448825288000004	0.56551174712
478473	0.43034163408	0.5696583659200001
481262	0.46421768960000004	0.5357823103999999
483854	0.45357350595999996	0.5464264940400001
486540	0.43528532992	0.56471467008
489129	0.37808797726400006	0.621912022736
491883	0.422952657956	0.577047342044
494398	0.39458977604839995	0.6054102239516
496906	0.4111435606720001	0.5888564393279999
499540	0.4690609137200001	0.5309390862799999
502046	0.39678169381999995	0.60321830618
504669	0.39510496763999997	0.60489503236
507408	0.40492933791999997	0.59507066208
509963	0.41747347288000003	0.58252652712
512537	0.3972972217199999	0.6027027782800001
515162	0.44059568964000007	0.5594043103599999
517942	0.43946435023999997	0.56053564976
520552	0.51257721408	0.48742278592
523108	0.4792273376399999	0.5207726623600001
525650	0.48351718882	0.51648281118
528236	0.47885412263999994	0.5211458773600001
530783	0.5094501534000001	0.4905498465999999
533362	0.5050577537200002	0.49494224627999983
535968	0.48625010839999994	0.5137498916000001
538516	0.5083633394200001	0.4916366605799999
541341	0.49362469608000015	0.5063753039199999
543899	0.5125748151999999	0.4874251848000001
546691	0.5077034176	0.49229658239999996
549260	0.4960090412	0.5039909588
551916	0.5030071928000001	0.49699280719999994
555433	0.54953597896	0.45046402104000005
558788	0.5198564347999999	0.4801435652000001
561425	0.5056508639199999	0.4943491360800001
564066	0.501885989316	0.49811401068399996
566715	0.511886752692	0.488113247308
569375	0.5009628908799999	0.4990371091200001
571907	0.494540137556	0.505459862444
574430	0.44910113756000014	0.5508988624399999
576950	0.43327146076	0.56672853924
579496	0.4102715220040001	0.5897284779959999
582052	0.40441574654799994	0.5955842534520001
584590	0.40580591852	0.59419408148
587241	0.44488527876	0.55511472124
589750	0.42578392692	0.57421607308
592276	0.442737856	0.5572621440000001
594825	0.44774112746000017	0.5522588725399998
597473	0.444292858	0.5557071419999999
600115	0.46621597729200004	0.533784022708
602636	0.4749969199999999	0.5250030800000001
605294	0.44481251	0.55518749
607797	0.46252014759999993	0.5374798524000001
610375	0.46693365880000015	0.5330663411999998
612978	0.46198940320000015	0.5380105967999999
615949	0.5085115323999999	0.4914884676000001
618465	0.46100840239999996	0.5389915976
621048	0.47665060796	0.5233493920400001
623933	0.45636610724	0.54363389276
626469	0.48116643232	0.51883356768
628975	0.60838454064	0.39161545936
631640	0.4234891852000001	0.5765108147999999
634210	0.327772393784	0.672227606216
636742	0.3290312484000001	0.6709687515999999
639297	0.4299240691200001	0.5700759308799999
642007	0.41416023124	0.58583976876
644558	0.48345976331999985	0.5165402366800002
647186	0.4648204020520001	0.5351795979479999
649864	0.47906331808	0.52093668192
652624	0.4755028695440002	0.5244971304559998
655671	0.47880498187600007	0.5211950181239999
658294	0.47446226148000015	0.5255377385199999
660932	0.48594819768	0.51405180232
663442	0.44462422756	0.55537577244
667682	0.49374971847599997	0.506250281524
670229	0.5127453026	0.48725469740000005
672832	0.51338829308	0.48661170692
675494	0.5446984702479999	0.4553015297520001
677996	0.455374126528	0.544625873472
680805	0.47667263286799993	0.523327367132
683804	0.5007810665599999	0.4992189334400001
686403	0.545795546936	0.45420445306400004
689469	0.49890660835999995	0.50109339164
692065	0.5200274532	0.4799725468
694595	0.5255338108	0.47446618920000005
697314	0.53157286152	0.46842713847999995
699868	0.44999717876	0.55000282124
702474	0.40756537116	0.59243462884
705006	0.34696444126	0.6530355587400001
707518	0.4187897593280001	0.5812102406719999
710146	0.350328852076	0.649671147924
712656	0.44218548431999993	0.5578145156800001
715166	0.36626230132	0.6337376986800001
717687	0.3836036722799999	0.6163963277200001
720425	0.42399986636399994	0.5760001336360001
723171	0.43092272620000005	0.5690772738
725690	0.43865662432	0.5613433756799999
728201	0.35155444208520004	0.6484455579148
731184	0.53461579420152	0.46538420579848006
733708	0.548984609124	0.45101539087599996
736237	0.39303740233599993	0.6069625976640001
739090	0.4129743149600001	0.58702568504
741819	0.41547309223999995	0.58452690776
744320	0.41722553168	0.58277446832
746943	0.4218780679084	0.5781219320916
749731	0.38884052737999997	0.61115947262
752286	0.33033344066243997	0.66966655933756
754846	0.40363743844000005	0.5963625615599999
757363	0.341857162344	0.658142837656
759879	0.4184353431680002	0.5815646568319999
762422	0.41605632368	0.58394367632
764963	0.43182565475999996	0.5681743452400001
767475	0.41909021968800014	0.5809097803119998
770002	0.42626605764000003	0.57373394236
772517	0.41034098673200003	0.589659013268
775140	0.42670103700800005	0.573298962992
777876	0.39932623572	0.60067376428
780384	0.41658480600000003	0.583415194
782885	0.441647494	0.5583525060000001
785392	0.42854151584	0.57145848416
787897	0.36316653000000004	0.63683347
790803	0.4372786008	0.5627213992
793453	0.41945924816	0.58054075184
796029	0.43847092328000004	0.56152907672
798622	0.39359201981999997	0.60640798018
801159	0.44015400901600005	0.5598459909839999
804052	0.47966171539999997	0.5203382846
806569	0.3727778660600001	0.6272221339399999
809126	0.51599122056	0.48400877944
811720	0.4711154632	0.5288845368
814226	0.42238622512000007	0.5776137748799999
816727	0.46208128040000007	0.5379187195999999
819282	0.45727684159999993	0.5427231584000001
821819	0.5012023232	0.4987976768
824338	0.5049839747999999	0.4950160252000001
826850	0.46407314219999984	0.5359268578000002
829363	0.47819875587999994	0.5218012441200001
831936	0.5269958365599999	0.47300416344000007
834477	0.4728010343199999	0.52719896568
837077	0.510587591	0.48941240900000005
839593	0.53983198596	0.46016801403999996
842116	0.5307799678799999	0.4692200321200001
844841	0.5115819752	0.48841802479999996
847771	0.5361082512	0.46389174879999995
850320	0.5805765392000002	0.4194234607999998
853218	0.6077434084000002	0.3922565915999998
855727	0.6054752732	0.39452472679999995
858393	0.5962569268000001	0.4037430731999999
860923	0.6028361779999999	0.3971638220000001
863591	0.5781812296	0.42181877040000004
866099	0.6124487200000001	0.38755127999999994
869560	0.5797784084	0.42022159160000006
872174	0.5890063828	0.41099361720000005
875261	0.5787319276	0.42126807239999997
877851	0.5788886204000001	0.4211113795999999
880431	0.5563611592	0.44363884080000004
884371	0.5117529475599999	0.4882470524400001
887548	0.5486552371999999	0.45134476280000013
890194	0.5520284423999999	0.44797155760000007
892791	0.5796095044	0.42039049559999997
895358	0.5411070827999999	0.45889291720000014
898175	0.5462346912	0.4537653088
900758	0.5671829992	0.43281700079999996
903742	0.5863927651999999	0.41360723480000006
906336	0.6486862747999999	0.35131372520000015
909091	0.635245384	0.36475461600000003
911612	0.6636274736	0.33637252640000004
914154	0.6362995199999999	0.3637004800000001
916725	0.5616923064	0.4383076936
919265	0.6565085519999999	0.3434914480000001
922239	0.637821036	0.36217896400000005
924795	0.673214672	0.32678532800000004
927424	0.709213948	0.29078605199999996
930018	0.6176866432	0.3823133568
932875	0.660960418	0.33903958199999995
935402	0.6569027752000001	0.34309722479999993
938037	0.6009781296000001	0.3990218703999999
940694	0.6987832691999999	0.3012167308000001
943264	0.7085113842399999	0.29148861576000007
945786	0.6948005396000001	0.3051994603999999
948303	0.693457562	0.30654243800000003
950899	0.6952565672000002	0.3047434327999998
953457	0.6306611844	0.36933881560000004
956029	0.6964468448	0.30355315520000004
958790	0.696934014	0.303065986
961447	0.6745365976000001	0.32546340239999993
964064	0.6930274276	0.3069725724
966776	0.6546630288	0.34533697119999995
969304	0.6886896664800001	0.3113103335199999
971922	0.6775745328	0.3224254672
974478	0.6887195312	0.31128046880000004
977017	0.66282774628	0.33717225372000004
981154	0.5836334334	0.41636656660000004
983655	0.65791236196	0.34208763804
986203	0.5442561410879999	0.4557438589120001
988765	0.7046440060000001	0.2953559939999999
991342	0.7050592712	0.2949407288
993857	0.69964834	0.30035166
997409	0.7106067935640001	0.28939320643599986
999946	0.7227667404807998	0.2772332595192002
1002447	0.6595257861424001	0.3404742138575999
1005102	0.65229774226	0.34770225773999996
1007628	0.6600310461240001	0.3399689538759999
1010133	0.6183351450440001	0.3816648549559999
1012815	0.60767352968	0.39232647032
1015342	0.604519649804	0.39548035019600003
1018161	0.5830168639200001	0.4169831360799999
1020701	0.56605502934	0.43394497066000004
1023310	0.5308289193	0.4691710807
1026111	0.5901014029639999	0.40989859703600007
1028628	0.5389028293599999	0.4610971706400001
1031134	0.5435439131	0.45645608689999995
1033663	0.5645713529240001	0.43542864707599993
1036219	0.5428427343380001	0.4571572656619999
1038812	0.5308579361960001	0.4691420638039999
1041352	0.507821875092	0.49217812490799995
1043968	0.5570757251150801	0.4429242748849199
1046634	0.547893527404	0.452106472596
1049188	0.56386611495688	0.43613388504312
1051700	0.530223764278	0.469776235722
1054207	0.5217914480239999	0.4782085519760001
1056770	0.46762685592000003	0.5323731440799999
1059363	0.5000750464360002	0.4999249535639998
1062228	0.52211653928	0.47788346072
1064732	0.5322027428639999	0.46779725713600007
1068370	0.5207455055839999	0.4792544944160001
1070881	0.5188320298000001	0.4811679701999999
1073527	0.5011305551280001	0.4988694448719999
1076032	0.51422910536	0.48577089464
1078537	0.49313025664	0.50686974336
1081098	0.50238403628	0.49761596372000005
1083634	0.48867386760000003	0.5113261324
1086390	0.46078427346399997	0.539215726536
1088992	0.4802125952119999	0.5197874047880001
1091525	0.443336519272	0.556663480728
1094043	0.48367318643999996	0.5163268135600001
1096597	0.46921311032000007	0.5307868896799999
1099121	0.4394965093999999	0.5605034906000002
1101693	0.4596035277999999	0.5403964722000001
1104537	0.4861666677200001	0.5138333322799999
1107055	0.46174176883999996	0.53825823116
1109756	0.4701628881599999	0.52983711184
1112441	0.46176405835999995	0.53823594164
1114973	0.42279770048000004	0.5772022995199999
1117649	0.43288679183999995	0.5671132081600001
1120204	0.4149118841200001	0.5850881158799999
1122921	0.43664383988	0.56335616012
1125593	0.39283306879999996	0.6071669312000001
1128182	0.4354619759200001	0.56453802408
1130933	0.4383992641976	0.5616007358024
1133779	0.394920948108	0.605079051892
1136300	0.3868123760399999	0.61318762396
1138916	0.345243328124	0.6547566718760001
1141469	0.35605767815199996	0.643942321848
1144010	0.3203316057399999	0.6796683942600001
1146664	0.34646983215999994	0.6535301678400001
1149297	0.34801390804800003	0.651986091952
1152013	0.33696589858959997	0.6630341014104
1154531	0.31512260850000007	0.6848773914999999
1157333	0.3149120826295999	0.6850879173704001
1160094	0.26719161762400007	0.7328083823759999
1162601	0.29889539452	0.70110460548
1165105	0.28953249812	0.71046750188
1167626	0.26218937944000004	0.7378106205599999
1170235	0.2645250349999999	0.7354749650000001
1172918	0.211256222988	0.788743777012
1175578	0.22812787232	0.77187212768
1178124	0.23191600616279998	0.7680839938372
1180659	0.22741366321480005	0.7725863367852
1183173	0.223869611688	0.776130388312
1185731	0.23046960999168	0.76953039000832
1188350	0.21138957605199998	0.7886104239480001
1190873	0.1789965407752	0.8210034592248
1193379	0.1985313382084	0.8014686617916
1195887	0.2026234422876	0.7973765577124
1198428	0.20302714904680003	0.7969728509531999
1200983	0.2058357607420001	0.794164239258
1203487	0.17984146868691994	0.82015853131308
1206024	0.20786968108000003	0.79213031892
1208732	0.22409278759599988	0.7759072124040001
1211457	0.22956140777599998	0.770438592224
1213962	0.239091082672	0.760908917328
1216553	0.23474301144000007	0.7652569885599999
1219057	0.2512164770359999	0.7487835229640001
1221611	0.24318126432000003	0.75681873568
1224352	0.2665323224	0.7334676776
1227053	0.24732475704	0.75267524296
1229555	0.25270416346	0.74729583654
1232184	0.20360784729200007	0.7963921527079999
1235031	0.25860604472	0.74139395528
1238121	0.288374578656	0.711625421344
1240650	0.261132814	0.738867186
1243265	0.26881676868	0.73118323132
1245934	0.2807623417728	0.7192376582272
1248493	0.29294076424000004	0.70705923576
1251136	0.272203941432	0.727796058568
1253666	0.27429898030808003	0.72570101969192
1256213	0.38670454693999995	0.6132954530600001
1258727	0.30418510159999995	0.6958148984000001
1261260	0.32615983638799995	0.673840163612
1263780	0.35438233892	0.64561766108
1266308	0.354395382932	0.645604617068
1268968	0.38373188844	0.6162681115599999
1271489	0.32337650577199994	0.676623494228
1274127	0.48286815044000003	0.5171318495599999
1276663	0.3570898499599999	0.6429101500400001
1279230	0.3434297936120001	0.6565702063879999
1281851	0.25550865391600003	0.7444913460839999
1284398	0.255714309584	0.744285690416
1287027	0.1648326663804	0.8351673336195999
1289548	0.21074736238799993	0.789252637612
1292087	0.21631277718120007	0.7836872228187999
1294629	0.21867272543608002	0.7813272745639199
1297162	0.1959908514708	0.8040091485292
1299784	0.196454895428	0.803545104572
1302297	0.1648465936492	0.8351534063507999
1307278	0.24219784624000007	0.7578021537599999
1310801	0.261679635	0.738320365
1313384	0.2643612804244	0.7356387195756
1315956	0.2517693557599999	0.7482306442400001
1318472	0.2922015075064	0.7077984924936
1321130	0.29708774173352004	0.70291225826648
1323664	0.291731244344	0.708268755656
1326234	0.28060819682399996	0.719391803176
1328829	0.27160375360399996	0.7283962463960001
1331441	0.31001234412	0.68998765588
1334078	0.234339882084	0.765660117916
1336593	0.2585350371599999	0.7414649628400001
1339346	0.29085932476000004	0.70914067524
1341948	0.31132312336000006	0.68867687664
1344450	0.28210156016	0.71789843984
1347019	0.29401906148	0.70598093852
1349528	0.30491890154799994	0.6950810984520001
1352068	0.32622573532	0.67377426468
1354677	0.3389247811719999	0.661075218828
1357236	0.3458748057999999	0.6541251942000001
1359771	0.36500107960000006	0.6349989203999999
1362293	0.33498520495999995	0.66501479504
1364794	0.34147037231999994	0.6585296276800001
1367406	0.3580913699919999	0.6419086300080001
1369908	0.32890216036000003	0.67109783964
1372418	0.27595789864000003	0.72404210136
1375119	0.32966329368920005	0.6703367063107999
1377792	0.2173406156176	0.7826593843824
1380308	0.23740185111200007	0.7625981488879999
1383461	0.2196705762480001	0.7803294237519999
1386059	0.22825221188919997	0.7717477881108
1388560	0.1951421589392	0.8048578410608
1391174	0.20242270939039997	0.7975772906096
1394062	0.20871548210799998	0.791284517892
1396661	0.16747001194879996	0.8325299880512
1399171	0.21076733401084005	0.78923266598916
1401728	0.17282430228248	0.82717569771752
1404287	0.1419761621108	0.8580238378892
1407954	0.2119973441008	0.7880026558991999
1410482	0.22161329842800004	0.778386701572
1413303	0.23474945207600004	0.7652505479239999
1415920	0.20265297915999997	0.79734702084
1418468	0.21597716701199995	0.784022832988
1421128	0.21666378925200008	0.783336210748
1423678	0.2323684900732	0.7676315099268
1426204	0.2559813553248	0.7440186446752
1428719	0.26484696250600004	0.735153037494
1431262	0.2466875896784	0.7533124103216
1433781	0.1793049609496	0.8206950390504
1436338	0.274781521084	0.725218478916
1438844	0.35366772319839995	0.6463322768016
1441408	0.3276542106516	0.6723457893484
1443999	0.3349835459796001	0.6650164540203999
1446511	0.333606286808	0.666393713192
1449099	0.507616072748	0.492383927252
1451630	0.3446152092799999	0.6553847907200001
1454223	0.34004850740799997	0.659951492592
1456733	0.3240781503959999	0.675921849604
1459359	0.31028179055999994	0.6897182094400001
1461996	0.2996937352	0.7003062648
1464722	0.2985485344	0.7014514655999999
1467235	0.2860508909119999	0.7139491090880001
1469775	0.29275904152	0.70724095848
1472297	0.278908519332	0.721091480668
1474806	0.28335138203399995	0.7166486179660001
1477319	0.29531066262399996	0.704689337376
1479852	0.28344797932955995	0.7165520206704401
1482424	0.2778662508464	0.7221337491536
1485228	0.2984931757608	0.7015068242392
1487749	0.30510432594000003	0.69489567406
1490533	0.304313278152	0.6956867218480001
1493148	0.301402443572	0.698597556428
1495667	0.28288003654000005	0.71711996346
1498201	0.2886818183360001	0.711318181664
1501100	0.3085122478008	0.6914877521992
1503638	0.29552765090799993	0.7044723490920001
1506230	0.34907634465119997	0.6509236553488
1508740	0.3505790070416	0.6494209929584001
1511270	0.36423420840000004	0.6357657915999999
1513807	0.3659119026799999	0.63408809732
1516310	0.3769952992587999	0.6230047007412001
1518835	0.38991203455560014	0.6100879654443998
1521412	0.37154428788	0.6284557121200001
1524415	0.3807610102	0.6192389897999999
1526953	0.3404085671119999	0.6595914328880002
1529470	0.4057301703644	0.5942698296355999
1532143	0.4994182471639999	0.5005817528360001
1534678	0.38354379335228006	0.6164562066477199
1537451	0.38766817226199995	0.6123318277380001
1539953	0.40491218507840004	0.5950878149215999
1542457	0.40404731000000005	0.59595269
1545048	0.38605219947999997	0.6139478005200001
1547647	0.3478183965360001	0.6521816034639999
1550867	0.3896736065799999	0.6103263934200001
1553705	0.3719547980399999	0.62804520196
1556592	0.32599884486399994	0.6740011551360001
1559151	0.3574563892000001	0.6425436107999999
1562104	0.3373820562231999	0.6626179437768001
1564690	0.33094944607599996	0.669050553924
1568313	0.3499181092560001	0.6500818907439999
1572184	0.33215477956639994	0.6678452204336001
1574840	0.34753445280000006	0.6524655471999999
1577352	0.33863274167600005	0.661367258324
1579875	0.34814763902079987	0.6518523609792002
1582391	0.3256023082576	0.6743976917423999
1585332	0.34401503739999995	0.6559849626
1587996	0.327609523616	0.6723904763840001
1590537	0.3428673687999999	0.6571326312000001
1593108	0.28316529816400005	0.716834701836
1595729	0.33807771996	0.66192228004
1598375	0.35141697835999997	0.64858302164
1600898	0.3640837799916	0.6359162200084
1603558	0.36693260648	0.63306739352
1606153	0.3552539029319999	0.6447460970680001
1608690	0.36045040753159996	0.6395495924684
1615017	0.37086986117599996	0.629130138824
1618963	0.37193119284	0.62806880716
1621469	0.3548955238807999	0.6451044761192001
1624023	0.36497325931999997	0.6350267406800001
1626533	0.3535941983780001	0.6464058016219999
1629040	0.37780404912711996	0.62219595087288
1631559	0.3518551681560001	0.648144831844
1634065	0.36676832145328	0.63323167854672
1636597	0.3642654151294799	0.63573458487052
1639104	0.4423235106751999	0.5576764893248001
1641662	0.34349557284	0.65650442716
1644434	0.31995118752000007	0.6800488124799999
1647298	0.3234932378720001	0.6765067621279999
1649869	0.3130135901048	0.6869864098952
1652416	0.3096002979476	0.6903997020524
1654950	0.32169118432	0.67830881568
1657457	0.28575401864	0.71424598136
1660093	0.3291445116119999	0.670855488388
1662601	0.251390169164	0.7486098308360001
1665136	0.32800500196439997	0.6719949980356
1667663	0.28834903871600004	0.711650961284
1670165	0.30203540479999996	0.6979645952
1672712	0.305007993992	0.6949920060079999
1675335	0.30424227723999997	0.69575772276
1677853	0.3144160568799999	0.6855839431200001
1680540	0.31833415116	0.68166584884
1683043	0.33822752946	0.66177247054
1685580	0.320342519852	0.679657480148
1688108	0.31442971395999997	0.68557028604
1690631	0.28810106771199995	0.711898932288
1693141	0.2685619849806401	0.7314380150193599
1695647	0.2984921480799999	0.7015078519200001
1698189	0.295096085732	0.704903914268
1700707	0.28478868615999997	0.71521131384
1703279	0.3289455507866401	0.6710544492133599
1705786	0.33928440320888	0.66071559679112
1708289	0.2511162592696	0.7488837407304
1710830	0.374546201948	0.6254537980520001
1713339	0.3947640638560001	0.6052359361439998
1715870	0.40594528292000015	0.5940547170799999
1718375	0.41597212492	0.58402787508
1720877	0.43949772837999995	0.5605022716200001
1723427	0.40121388871999986	0.5987861112800001
1725939	0.433127348716	0.566872651284
1728550	0.4150816236	0.5849183764
1731054	0.41799629704	0.58200370296
1733563	0.39661586680000005	0.6033841332
1736350	0.3655459560719999	0.6344540439280001
1739292	0.43148124876	0.5685187512400001
1742214	0.43698690276	0.56301309724
1745054	0.4360712056960001	0.5639287943039999
1747606	0.4501161222800002	0.5498838777199998
1750350	0.44862487075999996	0.55137512924
1753438	0.44406793671320005	0.5559320632867999
1756416	0.4459886506128001	0.5540113493871999
1759220	0.4701719771448001	0.5298280228551999
1762250	0.41340724851199995	0.586592751488
1764813	0.42277135380000014	0.5772286461999998
1767335	0.4661010344928	0.5338989655072
1772135	0.39284748556800003	0.607152514432
1774953	0.3967919734	0.6032080266
1777517	0.33650041668359987	0.6634995833164001
1780372	0.38130078521520006	0.6186992147848
1783108	0.358925980792	0.641074019208
1785626	0.3576164219612	0.6423835780388
1788458	0.33566642405839997	0.6643335759416
1791452	0.300485590348	0.6995144096520001
1794308	0.30946190907999993	0.6905380909200001
1797908	0.26312714284399996	0.736872857156
1802116	0.30234714267999996	0.69765285732
1805078	0.30338601600000004	0.696613984
1808915	0.30433835319999997	0.6956616468000001
1811546	0.29974153286	0.7002584671400001
1816480	0.29959939172	0.7004006082800001
1819429	0.30117108281840005	0.6988289171816
1823286	0.29954666871519997	0.7004533312848
1826388	0.28130659873920005	0.7186934012608
1829439	0.2951971039240801	0.7048028960759198
1832074	0.289687205592	0.710312794408
1834806	0.285999589036	0.714000410964
1837313	0.27486245841999996	0.7251375415800001
1839830	0.27830660030040005	0.7216933996996
1842428	0.25808255700640004	0.7419174429936
1845044	0.26614962765199995	0.7338503723480001
1847576	0.2676278901536	0.7323721098464
1850152	0.25930105059999997	0.7406989494
1852707	0.280165264404	0.719834735596
1855223	0.25496996496	0.74503003504
1857750	0.25727828444	0.74272171556
1860257	0.24983087507720003	0.7501691249228
1862977	0.25069830316800007	0.7493016968319999
1865840	0.3093997616840001	0.6906002383159999
1868541	0.23853706095600002	0.761462939044
1871537	0.24535726983999992	0.75464273016
1874356	0.23012513563928	0.7698748643607201
1876880	0.23933982252375993	0.76066017747624
1879520	0.24577063929815995	0.75422936070184
1882158	0.27303916693999997	0.72696083306
1884826	0.30192324383999997	0.6980767561600001
1887432	0.31417655959999996	0.6858234404000001
1890008	0.31628109489600004	0.683718905104
1892554	0.3311292772	0.6688707227999999
1895076	0.32368035735999995	0.67631964264
1897669	0.34418797812	0.65581202188
1900339	0.33425558503199987	0.6657444149680001
1902875	0.338768911688	0.6612310883120001
1905386	0.37894656925200004	0.621053430748
1907915	0.4086927219372	0.5913072780627999
1910474	0.37891082544000004	0.62108917456
1913098	0.41279965759999987	0.5872003424000001
1915608	0.4292364513200001	0.5707635486799999
1924757	0.4181856372199999	0.5818143627800001
1928838	0.41429399528000005	0.58570600472
1931446	0.41197135800000007	0.5880286419999999
1934393	0.40742343364	0.59257656636
1936922	0.37455959299999997	0.625440407
1939616	0.3695574546992	0.6304425453008
1942574	0.4045928140616001	0.5954071859383999
1945244	0.3944284601879998	0.6055715398120002
1947782	0.4138107725760001	0.5861892274239999
1950508	0.41862211313559994	0.5813778868644001
1953162	0.42763920467160005	0.5723607953284
1955751	0.4093285162	0.5906714838
1958525	0.43410369043720004	0.5658963095628
1961067	0.4272507205600001	0.57274927944
1963617	0.42571118959999993	0.5742888104000001
1966370	0.40507901669600005	0.5949209833039999
1969016	0.40913840930399986	0.5908615906960002
1971632	0.4216939955200001	0.5783060044799999
1975413	0.42071823115999996	0.57928176884
1977924	0.44673162208	0.55326837792
1980427	0.41110339424	0.58889660576
1982975	0.37367086164	0.62632913836
1985496	0.40831304504800003	0.591686954952
1988031	0.38605946155999993	0.6139405384400001
1990555	0.3810350124	0.6189649876000001
1993231	0.38332690320000007	0.6166730967999999
1995771	0.38721728320000004	0.6127827168
1998391	0.39085549199999997	0.609144508
2000999	0.3831848004	0.6168151996
2003588	0.37659814680000003	0.6234018532
2006105	0.3762773875999999	0.6237226124000002
2008612	0.36337781051999996	0.63662218948
2011154	0.38577268280000004	0.6142273171999999
2013657	0.37672762694799994	0.623272373052
2016173	0.3614078396	0.6385921604
2018701	0.32654027510000005	0.6734597249
2021210	0.29986630116000007	0.70013369884
2023776	0.4687632477360001	0.5312367522639999
2026304	0.36764466800000006	0.6323553319999999
2028834	0.37544745780000016	0.6245525421999998
2031337	0.3848360780000001	0.6151639219999999
2033843	0.35601071320000005	0.6439892867999999
2036345	0.34374056119999985	0.6562594388000001
2038855	0.39513548408	0.60486451592
2041362	0.43152269804000015	0.5684773019599998
2043905	0.4725968002	0.5274031997999999
2046528	0.4360190648	0.5639809352
2049049	0.4224704028000001	0.5775295971999999
2051614	0.38129610116	0.61870389884
2054117	0.4064221032000001	0.5935778967999998
2056722	0.37401987400000003	0.625980126
2059233	0.4373000843999999	0.5626999156000001
2061777	0.5436558032	0.45634419680000005
2064458	0.5180781992	0.4819218008
2067028	0.5956652557600001	0.40433474423999993
2069580	0.5662051936	0.4337948064
2072145	0.630186767388	0.36981323261200005
2074723	0.5497300396000001	0.4502699603999999
2077531	0.5516357588	0.44836424119999996
2080101	0.5568085708	0.4431914292
2082753	0.48074871960000004	0.5192512804
2085478	0.5442888238800001	0.4557111761199999
2087987	0.5413199341600001	0.4586800658399999
2090597	0.5354749123999999	0.4645250876000001
2093101	0.4695428188	0.5304571812000001
2095615	0.41782282960000006	0.5821771703999999
2098185	0.47464154616000015	0.5253584538399998
2210585	0.6190351492	0.3809648508
2213095	0.5675019607999999	0.4324980392000001
2215669	0.569713884	0.430286116
2218300	0.5325778799999998	0.46742212000000016
2220833	0.3516772344	0.6483227656
2223446	0.3938184676	0.6061815324
2226188	0.4448586440799999	0.55514135592
2228690	0.44714197215999996	0.55285802784
2231386	0.46828127080000004	0.5317187292
2233905	0.4956125672	0.5043874328
2236515	0.44640432080000003	0.5535956792
2239041	0.5000339077320001	0.49996609226799993
2242061	0.51218448364	0.48781551636
2244563	0.5126280220000001	0.4873719779999999
2247157	0.51728894794	0.48271105206
2249715	0.4581293636	0.5418706364
2252310	0.4781719828	0.5218280172
2254947	0.46923944519999994	0.5307605548000001
2257452	0.4782659832	0.5217340168
2260033	0.45656205068000005	0.5434379493199999
2262612	0.49773742279999994	0.5022625772
2265466	0.48405990520000003	0.5159400947999999
2268837	0.48975923600000004	0.510240764
2271370	0.4673377823999999	0.5326622176000001
2274058	0.52104721464	0.47895278535999997
2276595	0.5217549616000001	0.4782450383999999
2279176	0.48629552372000007	0.5137044762799999
2281692	0.4668623332	0.5331376668000001
2284266	0.4874763679999999	0.5125236320000002
2287215	0.546547756	0.45345224399999995
2289973	0.4635167	0.5364833
2293251	0.468330028	0.531669972
2295834	0.51197099	0.48802901
2298566	0.49397351000000017	0.5060264899999998
2302895	0.46357158	0.53642842
2305512	0.471830084	0.528169916
2308027	0.5631776036000001	0.43682239639999987
2310733	0.4939197519999999	0.5060802480000002
2314151	0.5619210640000001	0.4380789359999999
2316669	0.5695141619999999	0.43048583800000007
2319287	0.561785556	0.438214444
2322141	0.5736023764000001	0.4263976235999999
2324773	0.5163103512	0.4836896488
2327503	0.58446588	0.41553412
2330382	0.5813129364	0.41868706359999996
2333381	0.5033253364	0.4966746636
2336910	0.5483163879999998	0.4516836120000002
2341109	0.48692172	0.51307828
2344025	0.4291594156	0.5708405844
2346674	0.3746102456	0.6253897544
2349230	0.40363745800000006	0.5963625419999999
2352002	0.3375115436000001	0.6624884564
2354560	0.37018524304000006	0.6298147569599999
2357372	0.4103192428	0.5896807572
2360228	0.43716116644	0.56283883356
2362761	0.43680863355999994	0.5631913664400001
2365445	0.45038346879999996	0.5496165312000001
2368077	0.41857699679999993	0.5814230032000001
2370585	0.42913391999999995	0.57086608
2373160	0.35197665479999996	0.6480233452
2375709	0.47150323120000004	0.5284967688
2378297	0.5575049829599998	0.44249501704000016
2380964	0.4989991079999999	0.5010008920000001
2383516	0.5422674679999999	0.4577325320000001
2386020	0.5653890119999999	0.4346109880000001
2388648	0.5209207864000001	0.47907921359999994
2391155	0.500811648	0.499188352
2394212	0.4848450524	0.5151549476
2399550	0.48818385680000004	0.5118161431999999
2402072	0.43569013560000003	0.5643098644
2404595	0.520901612	0.47909838800000004
2407340	0.47175283599999995	0.528247164
2409874	0.305855532	0.694144468
2412420	0.506341676	0.493658324
2415070	0.46585287400000014	0.5341471259999999
2417801	0.44909518800000003	0.550904812
2420386	0.39318546399999993	0.6068145360000001
2423119	0.4591533040000001	0.5408466959999999
2425796	0.4469025880000001	0.5530974119999998
2428980	0.4459021880000001	0.554097812
2431506	0.39408333600000006	0.605916664
2434078	0.4258226529600001	0.5741773470399999
2436660	0.403901612	0.5960983879999999
2439165	0.3710895212	0.6289104788
2442142	0.2640015688	0.7359984312000001
2444660	0.36253163087999996	0.63746836912
2447620	0.39815536260000006	0.6018446373999999
2450192	0.34076128399999994	0.6592387160000001
2452850	0.47000820400000004	0.529991796
2461385	0.5671399960000001	0.4328600039999999
2466260	0.6066444496000001	0.3933555503999999
2473605	0.571723092	0.42827690799999996
2476123	0.7824856800000001	0.21751431999999993
2478699	0.6326870320000001	0.3673129679999999
2481279	0.633909888	0.36609011199999997
2484125	0.628679088	0.37132091199999995
2486735	0.47495150439999995	0.5250484956000001
2489275	0.602465024	0.397534976
2491780	0.610872988	0.389127012
2494329	0.632434104	0.367565896
2496874	0.6672690880000001	0.33273091199999993
2499419	0.6841379360000001	0.31586206399999994
2501978	0.6773450719999998	0.3226549280000002
2504527	0.7103323399999999	0.2896676600000001
2507121	0.7068454599999999	0.2931545400000001
2509639	0.628067432	0.37193256799999996
2512231	0.7488036159999997	0.25119638400000033
2514732	0.79478622	0.20521378
2517261	0.7128696076	0.28713039240000005
2519871	0.7167073568000002	0.2832926431999998
2522373	0.7206771112000002	0.2793228887999998
2524954	0.73801758032	0.26198241968
2528858	0.6394884556	0.3605115444
2531429	0.6495737164	0.35042628360000005
2533943	0.4953734692	0.5046265308
2536510	0.4748185095999999	0.5251814904000001
2539506	0.5692272479999999	0.4307727520000001
2542186	0.642273632	0.357726368
2545020	0.643471736	0.35652826400000004
2547668	0.5566821200000001	0.44331787999999994
2550272	0.5018829159999999	0.4981170840000001
2552807	0.46461070023999995	0.53538929976
2555476	0.6019526883999999	0.39804731160000006
2558854	0.4153994707600001	0.5846005292399998
2561708	0.6557030448400001	0.3442969551599999
2564546	0.7656795884	0.23432041159999994
2567134	0.71969752	0.28030248
2569646	0.7391452444	0.26085475560000004
2572150	0.7018166675999998	0.29818333240000017
2575147	0.6853846488	0.31461535119999995
2580229	0.688666878432	0.31133312156799997
2582764	0.42797933152799994	0.5720206684720001
2585454	0.5498980674399998	0.4501019325600002
2588436	0.5521270456	0.44787295439999997
2590977	0.6152402692	0.38475973080000003
2593607	0.5454717303999999	0.45452826960000015
2596166	0.629824562	0.37017543799999997
2598690	0.4563305183999999	0.5436694816000001
2601205	0.39701979923999997	0.60298020076
2603766	0.46739666640000005	0.5326033336
2606494	0.4577425752	0.5422574248
2609158	0.5128053452000001	0.4871946547999999
2611716	0.5299517578799999	0.47004824212000007
2614623	0.49675470800000004	0.5032452919999999
2617196	0.33562536119999997	0.6643746388
2619926	0.48373099999999986	0.5162690000000001
2622443	0.4838862919999999	0.5161137080000001
2625053	0.46977344000000015	0.5302265599999998
2627748	0.45567784800000005	0.5443221519999999
2630492	0.43322713	0.56677287
2633086	0.36717776039999994	0.6328222396000001
2635612	0.4411537044	0.5588462956
2639014	0.34692640719999995	0.6530735928
2641584	0.42372606879999997	0.5762739312
2644094	0.40038102000000003	0.59961898
2646868	0.31011718880000005	0.6898828112
2649615	0.4243112304000001	0.5756887695999999
2652132	0.32598146680000006	0.6740185331999999
2654699	0.38095911880000005	0.6190408811999999
2657216	0.29518856959999995	0.7048114304
2659811	0.25051187799999997	0.749488122
2662491	0.3494943855999999	0.6505056144000001
2665489	0.32396890600000006	0.6760310939999999
2668013	0.3922737076	0.6077262924
2670563	0.37065922240000015	0.6293407775999998
2673315	0.38800371080000007	0.6119962891999999
2675881	0.349994076	0.650005924
2678392	0.5039444960000001	0.49605550399999987
2681071	0.5208474959999999	0.4791525040000001
2684231	0.4493984704	0.5506015296
2686992	0.5876494184	0.41235058160000004
2689733	0.589608668	0.410391332
2692238	0.6073244468	0.3926755532
2695105	0.6248231280000001	0.37517687199999994
2697777	0.677407832	0.322592168
2701831	0.6506246519999999	0.34937534800000014
2704434	0.6549446160000001	0.3450553839999999
2707033	0.6908648432400001	0.3091351567599999
2709922	0.6726288352	0.32737116479999995
2712459	0.678992548	0.321007452
2715063	0.678991048	0.321008952
2717566	0.75686012	0.24313987999999997
2720089	0.6718025199999998	0.32819748000000015
2722665	0.7728933599999999	0.22710664000000014
2725177	0.7319145800000001	0.2680854199999999
2727949	0.74488686	0.25511313999999996
2730607	0.73937468	0.26062532000000005
2733152	0.7270512199999999	0.2729487800000001
2735860	0.7942896400000001	0.20571035999999987
2738555	0.8458672400000001	0.15413275999999987
2741091	0.7745033407999999	0.22549665920000006
2743632	0.6136959935999999	0.38630400640000007
2746191	0.6921352764	0.30786472359999995
2749300	0.7502956327199999	0.24970436728000012
2752094	0.7492929320000001	0.25070706799999987
2754648	0.771465972	0.228534028
2757173	0.7184131800000002	0.2815868199999998
2759765	0.5854576203999999	0.41454237960000007
2762764	0.69772773	0.30227227
2765275	0.625605788	0.374394212
2767825	0.49352134999999997	0.50647865
2770537	0.4870265596	0.5129734403999999
2773698	0.5507976172	0.4492023828
2776437	0.5817158040000001	0.4182841959999999
2779009	0.5552073479999999	0.44479265200000007
2781536	0.503772644	0.496227356
2784128	0.5979642948000001	0.40203570519999987
2786751	0.49707640399999997	0.502923596
2789603	0.5450675400000001	0.45493245999999987
2792217	0.4812662512	0.5187337488
2794752	0.510014916	0.48998508399999996
2797305	0.5254369915999999	0.4745630084000001
2799826	0.5032534329199998	0.4967465670800002
2802733	0.5773973708	0.4226026292
2805458	0.5766392283999999	0.4233607716000001
2807960	0.6071861276	0.3928138724
2810469	0.45714295892	0.54285704108
2813181	0.45563603040000006	0.5443639696
2815782	0.5166415952000001	0.4833584047999999
2818399	0.485898808	0.514101192
2820938	0.28515639416000005	0.71484360584
2823519	0.5174704008439999	0.48252959915600013
2826054	0.5351838392	0.4648161608
2828701	0.4347717023999999	0.5652282976
2831299	0.47339365959999996	0.5266063404000001
2833979	0.5041953372000001	0.4958046627999999
2837133	0.6237389546000001	0.37626104539999994
2840140	0.6439905016800002	0.35600949831999984
2842772	0.670173904	0.329826096
2845325	0.629930668	0.37006933200000003
2847875	0.6563954120000003	0.3436045879999997
2850381	0.6072491947999998	0.39275080520000016
2853012	0.6361699919999999	0.3638300080000001
2855732	0.6622706559999999	0.3377293440000001
2858240	0.72861234888	0.27138765111999996
2860758	0.7362144538799998	0.26378554612000016
2863338	0.7331426991999997	0.26685730080000025
2865902	0.7153600880000001	0.28463991199999994
2868585	0.8229340707999998	0.1770659292000002
2872238	0.6362357224	0.36376427759999996
2874841	0.7682399320000001	0.23176006799999993
2877637	0.7110774599999999	0.28892254000000006
2880186	0.7169870519999999	0.2830129480000001
2882818	0.4630289120000002	0.5369710879999998
2885459	0.7490071200000001	0.25099287999999986
2887966	0.729952764	0.270047236
2890529	0.7743021200000001	0.2256978799999999
2893200	0.7811007999999999	0.21889920000000007
2895738	0.708011564	0.291988436
2898290	0.74420376	0.25579624
2900960	0.7565084000000003	0.2434915999999997
2903581	0.6734494639999998	0.32655053600000017
2906089	0.647097792	0.35290220800000005
2908879	0.6671281044	0.33287189559999997
2911382	0.6647089359999999	0.3352910640000001
2914345	0.57572317704	0.42427682296
2916886	0.5593593835599999	0.4406406164400001
2919404	0.52276507096	0.47723492904
2922212	0.49968373219999995	0.5003162678
2924727	0.45862117240000005	0.5413788276
2927383	0.4843937264	0.5156062736
2930427	0.4570033328000001	0.5429966672
2933263	0.486982252	0.513017748
2935779	0.400147398	0.599852602
2938408	0.35437181360000003	0.6456281864
2941255	0.42570460799999993	0.574295392
2943799	0.4319311916400001	0.5680688083599998
2946338	0.42915447507999993	0.5708455249200001
2948963	0.3554021305599999	0.6445978694400001
2951713	0.3915481466399999	0.6084518533600001
2954239	0.44965338623999995	0.55034661376
2957012	0.38721003212	0.61278996788
2959545	0.36593375199999995	0.6340662480000001
2962113	0.3676798732000001	0.6323201267999998
2964633	0.376759716732	0.623240283268
2967227	0.33346158668000003	0.66653841332
2969910	0.3606161548	0.6393838452
2972781	0.38035846858	0.61964153142
2975297	0.3802562279200001	0.6197437720799999
2977925	0.3869872314399999	0.6130127685600001
2980532	0.39984748680000004	0.6001525132
2983230	0.30093341187999995	0.69906658812
2985905	0.35007040959999997	0.6499295904
2988409	0.41317622359999995	0.5868237764
2991035	0.43933619144	0.56066380856
2993927	0.4747848244000001	0.5252151755999999
2996558	0.4164525983999999	0.5835474016000002
2999100	0.44353515600000004	0.556464844
3001646	0.4001097536000001	0.5998902463999999
3004158	0.31886917424000005	0.68113082576
3006699	0.4171732007999999	0.5828267992
3009442	0.45527845332	0.54472154668
3012126	0.4573149131999999	0.5426850868000002
3014859	0.4811516827999999	0.5188483172
3017424	0.47183163199999995	0.528168368
3019993	0.4513599108799999	0.5486400891200001
3022535	0.6098396568	0.39016034320000004
3025779	0.447504628	0.552495372
3028286	0.4819439284	0.5180560716
3030796	0.44558467200000007	0.5544153279999999
3033466	0.41669055200000005	0.583309448
3036091	0.424752296	0.575247704
3038963	0.39300325072	0.60699674928
3041485	0.41594669527999995	0.58405330472
3044095	0.25868475360000004	0.7413152463999999
3046641	0.301606708	0.698393292
3049243	0.33342162000000003	0.66657838
3052056	0.3719525321599999	0.6280474678400001
3054574	0.12806750468	0.8719324953200001
3057173	0.2980025919999999	0.7019974080000001
3059692	0.302297404	0.6977025960000001
3062200	0.26430175908	0.73569824092
3064704	0.30605558399999994	0.6939444160000001
3067450	0.39222482399999997	0.6077751760000001
3070172	0.3940327160000001	0.6059672839999999
3073100	0.4509931231999999	0.5490068768
3075852	0.3987072272000001	0.6012927727999999
3079060	0.17193140868000004	0.82806859132
3081611	0.4866640347200001	0.5133359652799999
3084247	0.43573469640000007	0.5642653035999999
3086776	0.5596197596	0.4403802404
3089514	0.5601649204	0.4398350796
3092210	0.61929714572	0.38070285427999995
3094783	0.47322343399999994	0.5267765660000001
3097351	0.6637327160000001	0.33626728399999994
3100233	0.6772100120000001	0.3227899879999999
3102754	0.7387733920000001	0.26122660799999986
3105269	0.736394748	0.26360525199999996
3108784	0.7452895879999999	0.2547104120000001
3111453	0.7774006713200001	0.22259932867999987
3114092	0.7334452640000001	0.2665547359999999
3117280	0.6833232615199999	0.3166767384800001
3120042	0.633055864	0.366944136
3123001	0.60269178	0.39730822
3125867	0.6310237639999999	0.36897623600000007
3128465	0.584781688	0.41521831200000003
3131095	0.41697595840000007	0.5830240415999999
3133675	0.44103232400000003	0.558967676
3136304	0.549512908	0.45048709200000003
3138863	0.48427943039999993	0.5157205696
3141558	0.7113702	0.28862980000000005
3144218	0.616048216	0.38395178399999996
3147110	0.5807849495999999	0.41921505040000007
3149648	0.501991968	0.498008032
3152320	0.547749584	0.45225041600000004
3155054	0.6608899300000001	0.33911006999999993
3157813	0.543505656	0.456494344
3160695	0.5939030537999999	0.40609694620000014
3163281	0.59256879708	0.40743120292
3165890	0.4870049632	0.5129950368
3169125	0.6578067168000001	0.34219328319999986
3171900	0.5913306852	0.4086693148
3174469	0.5919551720000001	0.40804482799999986
3177454	0.571584908	0.42841509200000005
3180359	0.7171897559999998	0.2828102440000002
3182980	0.728525488	0.27147451199999995
3185485	0.6307144439999999	0.3692855560000001
3188047	0.7734965199999999	0.2265034800000001
3190695	0.77775644	0.22224356
3193261	0.7908480560000001	0.20915194399999992
3195765	0.7422310440000001	0.25776895599999994
3198675	0.8020668000000001	0.19793319999999992
3201247	0.80151516	0.19848484
3203846	0.7165119999999999	0.2834880000000001
3206389	0.7391966184000001	0.26080338159999994
3208995	0.6522477508	0.34775224920000003
3211694	0.7264588133600001	0.27354118663999993
3214351	0.706161108	0.293838892
3217997	0.690450852	0.309549148
3220508	0.6922878359999999	0.3077121640000001
3223075	0.6715351080000002	0.32846489199999984
3226033	0.6781495889719998	0.32185041102800016
3228579	0.656477094692	0.343522905308
3231097	0.6561518109028001	0.34384818909719994
3233712	0.717834641408	0.282165358592
3236231	0.6300698719999999	0.36993012800000014
3238859	0.6255683012000001	0.37443169879999993
3241728	0.5155606905600001	0.4844393094399999
3244277	0.5257172724	0.4742827276
3246925	0.6307939252	0.3692060748
3249521	0.6339121000000001	0.3660878999999999
3252290	0.6258408600000002	0.37415913999999983
3254888	0.661518828	0.33848117200000005
3257585	0.5913565364	0.40864346360000003
3260280	0.5834392871999998	0.4165607128000002
3262797	0.589077526	0.41092247400000004
3265353	0.604687762	0.39531223800000004
3267890	0.5459065492	0.45409345079999996
3270637	0.50827483	0.49172517000000004
3273212	0.5792593027999999	0.42074069720000007
3275872	0.5858816668	0.4141183332
3278393	0.6144703771999999	0.38552962280000014
3281499	0.5927973863999999	0.4072026136000001
3284006	0.5728447497999999	0.4271552502000001
3287190	0.6202788655528	0.3797211344472
3289698	0.602358941932	0.397641058068
3292208	0.627438167088	0.37256183291199996
3294719	0.65385688296	0.34614311704
3297248	0.5918895436640003	0.40811045633599974
3299776	0.5961419388	0.4038580612
3302460	0.6425323691200002	0.3574676308799998
3304983	0.6517722353400001	0.34822776465999994
3308092	0.69542965212	0.30457034788000004
3310626	0.5890420608399999	0.4109579391600001
3313412	0.6498809167320002	0.3501190832679998
3315969	0.69341352	0.30658648
3318476	0.6818360652	0.31816393480000005
3321052	0.70698422	0.29301577999999995
3323560	0.73987741108	0.26012258891999995
3326081	0.7487543959999998	0.2512456040000002
3328761	0.7306584599999999	0.2693415400000001
3331361	0.720557824	0.279442176
3333878	0.5503582048000001	0.4496417951999999
3336403	0.636145212	0.36385478800000004
3338990	0.510607188	0.48939281199999995
3341573	0.571886048	0.428113952
3344199	0.5591402280000001	0.4408597719999999
3346901	0.596261164	0.40373883600000005
3349418	0.529922328	0.47007767199999995
3351935	0.5770825852	0.4229174148
3354595	0.5721997879999999	0.42780021200000007
3357916	0.6039222120000001	0.39607778799999993
3360483	0.6444171783999999	0.3555828216000001
3363708	0.6956222719640002	0.30437772803599983
3366809	0.56625796452	0.43374203548
3369365	0.6435301812800001	0.35646981871999994
3372131	0.6655363256	0.3344636744
3374639	0.5270133603999999	0.4729866396000001
3377241	0.6738409947999999	0.3261590052000001
3379814	0.640134236	0.35986576400000003
3383106	0.60438152	0.39561848
3386012	0.5887471033200001	0.41125289667999987
3388518	0.4994584631999999	0.5005415368000001
3391062	0.6260202565599999	0.37397974344000007
3393596	0.4321273058	0.5678726942000001
3396522	0.449589096988	0.550410903012
3399044	0.47091315440000003	0.5290868456
3401902	0.45184187360000005	0.5481581264
3404461	0.46855384679999995	0.5314461532000001
3407059	0.440989576508	0.5590104234919999
3409873	0.5309269551999999	0.4690730448000001
3412464	0.54619728528	0.45380271472
3420352	0.6853194761440002	0.31468052385599976
3422863	0.6524118647999999	0.3475881352000001
3425405	0.7001144591600001	0.29988554083999985
3428134	0.624268728	0.375731272
3430661	0.7085042920000001	0.2914957079999999
3433367	0.7156143880000001	0.2843856119999999
3436109	0.6866188811999998	0.3133811188000002
3438647	0.7070660368	0.2929339632
3441219	0.7026366683999998	0.29736333160000017
3443817	0.712118468	0.287881532
3446527	0.7151513492000001	0.2848486507999999
3449428	0.7249029560000001	0.2750970439999999
3451936	0.689016596	0.310983404
3454542	0.7039736760000003	0.29602632399999973
3459492	0.6572549999999999	0.3427450000000001
3462356	0.6684515920000001	0.33154840799999985
3464874	0.4586694955999999	0.5413305044000001
3467425	0.47428363436000004	0.5257163656399999
3470073	0.651822052	0.348177948
3472889	0.6513100476	0.3486899524
3477814	0.6064504372	0.3935495628
3480396	0.6861087000000002	0.31389129999999976
3483302	0.673887552	0.32611244800000005
3485877	0.7744663784000001	0.2255336215999999
3488533	0.6805690315999999	0.31943096840000007
3492350	0.6483717	0.3516283
3494876	0.4870046164	0.5129953836000001
3497926	0.5254110632000001	0.4745889367999999
3505365	0.5877746076	0.4122253924
3507872	0.5382866491999999	0.4617133508000001
3510599	0.5638469159999999	0.4361530840000001
3513866	0.519217972	0.48078202800000003
3516453	0.47364139599999994	0.5263586040000001
3519478	0.4372761648000001	0.5627238351999999
3522644	0.4947354696000001	0.5052645303999999
3525970	0.47873010080000006	0.5212698992
3528520	0.487937952	0.512062048
3531519	0.414908856	0.585091144
3534368	0.4048029612	0.5951970388000001
3536987	0.4801836092000001	0.5198163908
3539642	0.3795821292	0.6204178708
3542143	0.5176391118279999	0.48236088817200007
3544706	0.37064795492	0.62935204508
3547605	0.49057101127599995	0.509428988724
3550786	0.444440994	0.555559006
3553309	0.4609251299999999	0.5390748700000001
3556010	0.45698254320000004	0.5430174567999999
3558520	0.45175858200000013	0.5482414179999999
3561368	0.4560573376	0.5439426624
3563964	0.50058021896	0.49941978103999995
3566965	0.4866395888	0.5133604112
3569622	0.51183021932	0.48816978068000005
3572480	0.44115901400000007	0.5588409859999999
3575075	0.4894950959999999	0.510504904
3577730	0.45619777799999994	0.5438022220000001
3580402	0.4603330028	0.5396669972
3584518	0.4719195560000001	0.528080444
3587368	0.3726036468	0.6273963532
3589959	0.4088194171999999	0.5911805828000001
3592598	0.44815702	0.55184298
3595115	0.5008317039999999	0.4991682960000001
3597726	0.4608887932000001	0.5391112067999999
3600299	0.4790163639999999	0.5209836360000001
3603594	0.4592520577199999	0.5407479422800001
3606111	0.5665020307199999	0.43349796928000006
3608664	0.540088644	0.459911356
3611280	0.49920103999999993	0.50079896
3613805	0.46501626924000006	0.5349837307599999
3616371	0.3945866052	0.6054133948
3618945	0.37841050348000005	0.62158949652
3621647	0.4444020315999998	0.5555979684000002
3624753	0.39587424000000004	0.60412576
3627273	0.42448275199999996	0.575517248
3629858	0.3855297040000001	0.6144702959999999
3632522	0.39018791880000003	0.6098120812
3635239	0.34133560888000003	0.65866439112
3637752	0.3171373074160001	0.6828626925839999
3640261	0.3251306400800001	0.67486935992
3642819	0.38874033583999995	0.6112596641600001
3645337	0.39140006	0.60859994
3647866	0.39169477648000006	0.6083052235199999
3650371	0.4236797110360001	0.5763202889639999
3652970	0.4025774487999999	0.5974225512000001
3655520	0.32456965564	0.67543034436
3658068	0.4184859490400001	0.5815140509599999
3660681	0.4335978799999999	0.5664021200000001
3663230	0.45582032	0.54417968
3665978	0.4079833103999999	0.5920166896000001
3668603	0.35706420559999996	0.6429357944
3671251	0.3890371064	0.6109628936
3673958	0.3043344468	0.6956655532
3677965	0.42187008960000005	0.5781299104
3680501	0.44979673160000005	0.5502032684
3683055	0.4077601228	0.5922398771999999
3685578	0.30795746120000006	0.6920425388
3688128	0.37943182760000005	0.6205681724
3690803	0.3795854628	0.6204145372000001
3693890	0.35572487560000005	0.6442751244
3696422	0.4157797680000001	0.5842202319999998
3698946	0.429845396	0.5701546040000001
3701519	0.39017440039999995	0.6098255996
3704156	0.37520765976	0.62479234024
3706860	0.34291347623999996	0.6570865237600001
3709976	0.4645119618400001	0.5354880381599999
3712544	0.4581351544	0.5418648455999999
3715231	0.48039536799999993	0.5196046320000001
3718055	0.49121294000000015	0.5087870599999998
3721394	0.45376018799999995	0.546239812
3724076	0.485650448	0.514349552
3727347	0.45414643639999996	0.5458535636
3730654	0.40826183159999985	0.5917381684000002
3733162	0.43475618348000006	0.56524381652
3735881	0.46839453368000006	0.5316054663199999
3739318	0.3368786548	0.6631213452
3741953	0.3803846604400001	0.6196153395599999
3744542	0.36571538596	0.63428461404
3747346	0.26756624907200005	0.7324337509279999
3750235	0.3232766712000001	0.6767233287999999
3753269	0.42213854720400007	0.577861452796
3755798	0.3994112624000001	0.6005887375999999
3758477	0.40895216530000006	0.5910478346999999
3760986	0.4151680921439999	0.584831907856
3763797	0.4422411760519999	0.557758823948
3766442	0.32897489107600003	0.671025108924
3770056	0.40071112998	0.59928887002
3772786	0.38238226564	0.61761773436
3775470	0.3998764987559999	0.600123501244
3778574	0.38350451805599994	0.6164954819440001
3781207	0.360075772128	0.639924227872
3783767	0.33139632761599996	0.6686036723840001
3786429	0.36683823755999995	0.6331617624400001
3788937	0.421456958856	0.578543041144
3791696	0.41161468030399995	0.588385319696
3794401	0.502265690692	0.497734309308
3796908	0.39139955830400003	0.608600441696
3799460	0.38716663668	0.61283336332
3802324	0.39084097064000006	0.60915902936
3804852	0.4126215379968	0.5873784620032
3807445	0.22213944607199998	0.777860553928
3810002	0.29057871172	0.70942128828
3812627	0.35661726759999995	0.6433827324000001
3815292	0.38944918480000007	0.6105508151999999
3817892	0.4099429584	0.5900570415999999
3820456	0.4251734687600001	0.5748265312399998
3823124	0.4659052988	0.5340947012
3825652	0.548643526884	0.451356473116
3828178	0.5330208099999999	0.4669791900000001
3830877	0.47486655272	0.52513344728
3833417	0.6415803069599998	0.3584196930400002
3836249	0.6086736367999999	0.39132636320000014
3838959	0.637308296	0.36269170399999995
3841601	0.71601117396	0.28398882604
3844215	0.65290728188	0.34709271812
3846876	0.6343424771200001	0.36565752287999986
3849637	0.6027704608000001	0.3972295391999999
3852309	0.665419332	0.33458066799999997
3854897	0.59561116	0.40438883999999997
3857636	0.6973858727560001	0.30261412724399994
3860199	0.5852933123999999	0.41470668760000007
3862811	0.6175057047999999	0.3824942952000001
3865466	0.6179001564919999	0.3820998435080001
3868088	0.5387316779999999	0.4612683220000001
3870642	0.5392100916	0.4607899084
3873976	0.5572717967999999	0.44272820320000006
3876494	0.6108136720000001	0.38918632799999986
3879228	0.4978580657000001	0.5021419343
3882084	0.47969174200799997	0.520308257992
3884625	0.44911434388000004	0.55088565612
3887153	0.4216184991600001	0.57838150084
3889668	0.46847971600000016	0.5315202839999998
3892185	0.46556887676	0.53443112324
3894722	0.43747999627999995	0.56252000372
3897260	0.4664774028	0.5335225972
3900323	0.413166913856	0.586833086144
3903033	0.4516567448	0.5483432552
3905562	0.42861710227999994	0.5713828977200001
3908107	0.43188222771999996	0.56811777228
3910903	0.43431613212000003	0.56568386788
3913498	0.41430621235999987	0.5856937876400001
3916047	0.40233012132000007	0.5976698786799999
3919372	0.42364403720000005	0.5763559627999999
3922261	0.4109898816000001	0.5890101183999998
3924787	0.4243895488	0.5756104512
3927331	0.41928906	0.58071094
3929858	0.4219662879999999	0.5780337120000001
3932375	0.47089978000000005	0.5291002199999999
3935324	0.4484233423999999	0.5515766576000001
3937840	0.4729836480000001	0.527016352
3940405	0.51519598328	0.48480401671999995
3943054	0.43525151959999997	0.5647484804
3945611	0.4140302156000001	0.5859697843999999
3948175	0.44818708720000006	0.5518129128
3950809	0.4720278279720001	0.527972172028
3953910	0.40326528623999996	0.5967347137600001
3957948	0.4242006144000001	0.5757993855999999
3960770	0.3665259288000001	0.6334740711999999
3965579	0.327992384	0.6720076159999999
3968101	0.33907406000000007	0.6609259399999999
3970646	0.352176518	0.647823482
3973323	0.3499248408	0.6500751592
3975833	0.34636462079999997	0.6536353792
3978764	0.355879784	0.644120216
3981659	0.314276968	0.6857230320000001
3984197	0.32057565880000005	0.6794243412
3987218	0.3295511260000001	0.6704488739999999
3989824	0.3501292866	0.6498707134
3992327	0.39956037972800007	0.6004396202719999
3994936	0.384816808	0.6151831919999999
3997444	0.3681202955999999	0.6318797044000001
3999947	0.48827142600000006	0.5117285739999999
4002468	0.41324602479999994	0.5867539752
4005214	0.354395666316	0.645604333684
4007838	0.39074995919999994	0.6092500408000001
4010923	0.39061861600000003	0.609381384
4013954	0.40827905611999993	0.5917209438800001
4016583	0.39651970492	0.60348029508
4019153	0.4120960209960001	0.5879039790039999
4021691	0.3907983491999999	0.6092016508000001
4024263	0.3912105255639999	0.6087894744360001
4027109	0.34311173588000005	0.65688826412
4029739	0.2802071892556	0.7197928107444
4032424	0.37853884388	0.6214611561200001
4035370	0.3665514752	0.6334485248
4038140	0.5270307999999999	0.4729692000000001
4041604	0.41649704	0.58350296
4044364	0.5106666360000001	0.48933336399999994
4046947	0.53677213824	0.46322786175999997
4050120	0.5017080355599999	0.4982919644400001
4052782	0.65333567972	0.34666432028000005
4055374	0.4983420591999998	0.5016579408000001
4058153	0.4291751240000001	0.5708248759999999
4060711	0.3847188027999999	0.6152811972000001
4063221	0.43437778984000003	0.5656222101599999
4065767	0.425024381264	0.574975618736
4068269	0.4191105445039999	0.580889455496
4070934	0.386451838	0.6135481620000001
4073459	0.39404256268	0.6059574373200001
4075997	0.39961470948000005	0.60038529052
4078833	0.39434626156	0.60565373844
4081459	0.34197502640000005	0.6580249735999999
4083973	0.32944066119999993	0.6705593388000001
4086523	0.273468508	0.726531492
4089054	0.21868143804000004	0.7813185619599999
4091646	0.34838420839999995	0.6516157916
4094274	0.351769192	0.648230808
4097024	0.38068341079999996	0.6193165892000001
4099669	0.43160209027999996	0.56839790972
4102251	0.24583588035999998	0.75416411964
4105423	0.35632663719999996	0.6436733628
4107997	0.39736929359999995	0.6026307064
4110535	0.34905195279999995	0.6509480472
4113100	0.3939379428	0.6060620572
4115637	0.4159214914679999	0.5840785085320002
4118150	0.40676566216399995	0.5932343378360001
4120725	0.4373116436	0.5626883564
4123339	0.6367420352	0.36325796480000005
4126914	0.4150789360000001	0.5849210639999999
4129428	0.412436952	0.587563048
4132835	0.417408196	0.582591804
4185204	0.54953728	0.45046272
4188777	0.4552447600000001	0.54475524
4191286	0.4598918152	0.5401081848
4197902	0.38147735600000005	0.618522644
4202201	0.4098363760000001	0.5901636239999999
4205511	0.45453836799999986	0.5454616320000001
4208016	0.35090639599999995	0.649093604
4210518	0.327397174	0.672602826
4213084	0.4065167264000001	0.5934832736
4215880	0.3076092144	0.6923907856
4218551	0.36223977240000005	0.6377602276
4221052	0.48587594279999996	0.5141240572000001
4223664	0.4360141092	0.5639858908
4226457	0.3912734640000001	0.6087265359999998
4228999	0.38771548800000005	0.612284512
4231616	0.4272738239999999	0.5727261760000001
4235174	0.527362688	0.47263731200000003
4238429	0.5491052519999999	0.45089474800000007
4241039	0.51421216	0.48578783999999997
4244020	0.5138297600000001	0.48617023999999986
4246793	0.53710524	0.46289475999999996
4249377	0.5163977200000001	0.48360227999999994
4251948	0.5818177040000001	0.4181822959999999
4255275	0.5540572359999999	0.4459427640000001
4258127	0.6217016679999999	0.37829833200000007
4260834	0.542110676	0.45788932400000004
4263485	0.5053061719999998	0.49469382800000017
4266022	0.49344502064000006	0.5065549793599999
4269274	0.5246281347999999	0.4753718652000001
4271789	0.39415060960000003	0.6058493904
4274314	0.419502256	0.580497744
4276951	0.508690752	0.491309248
4279491	0.523816184	0.47618381600000004
4282769	0.5921666800000001	0.40783331999999994
4285398	0.5944663200000001	0.4055336799999999
4287936	0.6176760400000001	0.3823239599999999
4290574	0.5721419200000002	0.4278580799999998
4293174	0.57850156	0.42149844000000003
4295809	0.6740749199999999	0.3259250800000001
4298765	0.6565459199999999	0.3434540800000001
4301756	0.590513064	0.40948693599999997
4304321	0.6031239359999999	0.3968760640000001
4306841	0.6108237320000001	0.38917626799999994
4309456	0.72081202172	0.27918797827999997
4312261	0.629089448	0.370910552
4314776	0.6273518599999999	0.3726481400000001
4317889	0.70043434	0.29956565999999996
4320411	0.733421656	0.266578344
4322935	0.7986789158	0.20132108419999994
4325543	0.6321509068000001	0.3678490931999999
4328158	0.6108690219999999	0.38913097800000007
4332547	0.6660492479999998	0.33395075200000024
4335089	0.40084758919999985	0.5991524108000001
4337714	0.3497394815999999	0.6502605184000001
4340248	0.48699944728	0.51300055272
4342898	0.522971294	0.477028706
4345548	0.530646772	0.469353228
4348382	0.54759659092	0.45240340908
4351042	0.5327843908000001	0.46721560919999994
4354263	0.31623989296000005	0.6837601070399999
4356983	0.29254702728000004	0.70745297272
4359860	0.40838191084000003	0.59161808916
4362570	0.4305951271999999	0.5694048728000001
4365074	0.5533435967040001	0.44665640329599987
4367587	0.36592735192	0.6340726480800001
4370093	0.42425011557599995	0.5757498844240001
4372604	0.4197315443999999	0.5802684556000002
4375183	0.3540734856	0.6459265143999999
4377940	0.4318977572	0.5681022428
4380925	0.41693916176000007	0.58306083824
4383464	0.49600053684799994	0.5039994631520001
4386079	0.36988038400000006	0.630119616
4388687	0.33533062520000007	0.6646693747999999
4391245	0.29939767079999996	0.7006023292000001
4393778	0.3902790754	0.6097209245999999
4396285	0.37506272200000007	0.624937278
4398807	0.3867106573199998	0.6132893426800001
4401355	0.45654217484	0.54345782516
4403928	0.48829081516800016	0.5117091848319999
4406440	0.41746365748	0.58253634252
4408979	0.35588428480000006	0.6441157151999999
4411494	0.349517162	0.6504828380000001
4414095	0.3612495768000001	0.6387504231999999
4416621	0.34164189427600006	0.658358105724
4419140	0.22211059375999995	0.77788940624
4421852	0.24579413039999998	0.7542058696
4425631	0.31234584400000004	0.687654156
4428150	0.2700950728	0.7299049272
4430796	0.35172367800000004	0.648276322
4433482	0.22609425840000003	0.7739057415999999
4436166	0.36968852800000007	0.6303114719999999
4438739	0.32753434519999997	0.6724656548000001
4441248	0.32507210919999996	0.6749278908
4443816	0.31952108960000003	0.6804789104
4446470	0.33744478136	0.66255521864
4449131	0.20605634206800003	0.793943657932
4451686	0.42319407916799995	0.576805920832
4454244	0.35205092239999997	0.6479490776000001
4456764	0.36062399949199997	0.639376000508
4459417	0.30240558131999995	0.69759441868
4462014	0.34113522	0.65886478
4464527	0.33360518400000005	0.666394816
4467077	0.3484612953200001	0.6515387046799999
4469735	0.22155290792	0.77844709208
4472277	0.3037001443999999	0.6962998556000001
4474778	0.36765586	0.63234414
4477555	0.36596285199999995	0.634037148
4480073	0.35890455600000004	0.641095444
4482766	0.3262668168	0.6737331832
4485317	0.3450478940000001	0.6549521059999999
4487837	0.37946793439999993	0.6205320656000001
4490344	0.26909576719999995	0.7309042328
4492852	0.33908985999999997	0.66091014
4495357	0.35701079960000004	0.6429892004
4497896	0.34940325120000004	0.6505967488
4500485	0.44049768320000005	0.5595023168
4503358	0.4349964084	0.5650035916
4505884	0.42194659408000007	0.57805340592
4508424	0.4568382168000001	0.5431617832
4510926	0.43263067228	0.56736932772
4513432	0.45932017184	0.54067982816
4516175	0.43054035372	0.56945964628
4518911	0.4690862339999999	0.5309137660000001
4521535	0.4603151831959999	0.539684816804
4524038	0.41243113259200004	0.587568867408
4526570	0.42114164504000007	0.5788583549599999
4529344	0.4000624959	0.5999375041
4532085	0.4165836953600001	0.5834163046399998
4534599	0.40813025956	0.59186974044
4537326	0.4451406995651998	0.5548593004348001
4539958	0.4284959402972001	0.5715040597027998
4542868	0.5104184948752001	0.4895815051247999
4545455	0.4591011412252	0.5408988587748
4548162	0.4888174226028002	0.5111825773971999
4550706	0.4515455688944799	0.5484544311055202
4553244	0.4980075168516001	0.5019924831484
4555803	0.5590299811249199	0.44097001887508014
4558333	0.5293388671795999	0.4706611328204001
4560868	0.49927750811719995	0.5007224918828
4563772	0.51688655812	0.48311344188000005
4566275	0.41704317659999984	0.5829568234000002
4569073	0.41829687691999995	0.58170312308
4572334	0.4201061936	0.5798938064
4577439	0.30843565496	0.69156434504
4581637	0.30097125292	0.6990287470800001
4584568	0.37630534600000004	0.6236946539999999
4587768	0.29710055795999996	0.7028994420400001
4592360	0.38919256812	0.61080743188
4596529	0.44388905735479994	0.5561109426452
4599811	0.281209579688	0.718790420312
4606864	0.37456350616399997	0.625436493836
4614566	0.25780488882799996	0.742195111172
4619478	0.29649106813199994	0.7035089318680001
4625108	0.28298675498079995	0.7170132450192
4630647	0.2527399718016	0.7472600281984
4636000	0.25214958429639994	0.7478504157036001
4640656	0.28079787071879997	0.7192021292812001
4645695	0.28427960396000007	0.7157203960399999
4650602	0.24618957346079987	0.7538104265392002
4656360	0.3044015489612	0.6955984510388
4661573	0.33371090600799996	0.6662890939920001
4666969	0.26002480823600005	0.739975191764
4674209	0.20616605397199997	0.7938339460280001
4679430	0.3249775900000001	0.67502241
4684099	0.29533649244	0.7046635075600001
4688751	0.3668950753200001	0.6331049246799999
4693438	0.40539480968600006	0.5946051903139999
4698515	0.3797269198	0.6202730802
4704080	0.4596065142399998	0.5403934857600001
4709935	0.45334186760000006	0.5466581323999999
4715789	0.44701759459999996	0.5529824054000001
4721625	0.47913919952000006	0.5208608004799999
4727453	0.49587851596	0.50412148404
4733268	0.39464296984	0.60535703016
4739272	0.41475833434799997	0.5852416656520001
4745226	0.5149873841999999	0.4850126158000001
4751073	0.46349740532	0.53650259468
4756979	0.42881627902399994	0.571183720976
4762853	0.4387007333360001	0.5612992666639999
4768671	0.4653336105439999	0.5346663894560001
4774521	0.43467542395600006	0.565324576044
4780371	0.430163683268	0.569836316732
4786187	0.4316344742839999	0.5683655257160001
4792042	0.461716757784	0.538283242216
4797907	0.4591005698959998	0.5408994301040002
4810169	0.4884755677159999	0.511524432284
4825894	0.507063057116	0.49293694288400003
4841543	0.5100644248520002	0.4899355751479998
4860039	0.499898493432	0.500101506568
4875837	0.5139025497519999	0.4860974502480001
4891520	0.46286747078640006	0.5371325292136
4904617	0.515771014565	0.48422898543500004
4914704	0.453864801088	0.546135198912
4924859	0.4814829714000001	0.5185170285999998
4936199	0.5032336751600002	0.49676632483999983
4946288	0.5331998064800001	0.4668001935199999
4956295	0.5079087530399999	0.49209124696000006
4966302	0.40974373076799997	0.590256269232
4976638	0.45886862664	0.5411313733600001
4988295	0.4864855782360001	0.513514421764
5042985	0.531435004	0.468564996
5046529	0.49145196399999996	0.5085480360000001
5050325	0.4646576852000001	0.5353423147999998
5056193	0.4381023132000001	0.5618976867999999
5060275	0.4687219040000001	0.5312780959999999
5063972	0.43089106680000017	0.5691089331999999
5067487	0.44283927999999995	0.55716072
5071057	0.43181218560000006	0.5681878143999999
5074777	0.3593611136	0.6406388864
5078638	0.41130296219999996	0.5886970378
5082254	0.35096550043999997	0.64903449956
5085896	0.39582064680000006	0.6041793531999999
5089848	0.37238660424000003	0.62761339576
5093686	0.41782343759999996	0.5821765624
5097275	0.4066444676000001	0.5933555323999999
5100645	0.3901041255999999	0.6098958744
5103154	0.4107587729600001	0.5892412270399999
5105811	0.422768452396	0.577231547604
5108410	0.40758404728000003	0.5924159527199999
5111348	0.39827038720000013	0.6017296127999998
5113883	0.40944118207999997	0.5905588179200001
5116510	0.40988144864000003	0.59011855136
5119408	0.41398784364	0.58601215636
5122346	0.4372958922720001	0.562704107728
5144249	0.317116786016	0.682883213984
5146758	0.261903301528	0.738096698472
5149310	0.2969994462719999	0.7030005537280001
5151823	0.28695987219200014	0.7130401278079999
5154375	0.3334587084	0.6665412916
5156920	0.30628568216	0.69371431784
5159834	0.30912499607999994	0.69087500392
5162946	0.287258968	0.712741032
5165615	0.29574058239999995	0.7042594176000001
5168354	0.2823041663999999	0.7176958336000001
5171241	0.27483276560000003	0.7251672344
5173742	0.26727921400000004	0.732720786
5176429	0.28894529680000003	0.7110547032
5178939	0.2973616284	0.7026383716
5182409	0.29294571112	0.70705428888
5184935	0.2885712704	0.7114287295999999
5187453	0.27094805800000005	0.7290519419999999
5190001	0.22444601360000005	0.7755539864
5192768	0.267896768	0.732103232
5195347	0.23459975704000008	0.76540024296
5197891	0.2861986031999999	0.7138013968000001
5200534	0.28890627552000003	0.71109372448
5203053	0.23873696320000004	0.7612630368
5205680	0.2724449864	0.7275550136
5208576	0.20932480507999995	0.79067519492
5211090	0.20826554281600007	0.7917344571839999
5213768	0.20240052396799998	0.797599476032
5216283	0.21711598508000002	0.78288401492
5218908	0.21586995771999998	0.78413004228
5221813	0.3132809316000001	0.6867190684
5224326	0.25345852772000005	0.7465414722799999
5227409	0.2662540396	0.7337459604000001
5230313	0.2531346768	0.7468653232
5232846	0.23626816680000004	0.7637318331999999
5235407	0.21860822152	0.78139177848
5238008	0.26681306145600003	0.733186938544
5240653	0.266477743224	0.733522256776
5244812	0.22586758880000005	0.7741324112
5247315	0.23512849839999997	0.7648715016000001
5249833	0.21827514808	0.78172485192
5252749	0.22641969179999996	0.7735803082
5255476	0.252521253808	0.747478746192
5258130	0.23795414732	0.76204585268
5260676	0.29095681040000004	0.7090431896
5263182	0.25255331000000003	0.74744669
5265684	0.22434179448000002	0.77565820552
5268195	0.24621477679999992	0.7537852232000001
5270881	0.28206262260000003	0.7179373774
5276247	0.27042713479999997	0.7295728652
5279176	0.26764215039999995	0.7323578496
5281692	0.27162835839999994	0.7283716416000001
5284204	0.2477026716	0.7522973284
5287666	0.22250651108	0.77749348892
5290459	0.26239120884	0.73760879116
5292986	0.22621564711999997	0.77378435288
5295496	0.21828243999999997	0.78171756
5298011	0.20725570331999996	0.79274429668
5300512	0.22253893750399997	0.777461062496
5303036	0.18582425675999997	0.8141757432400001
5305678	0.21749680687999998	0.78250319312
5308195	0.26788382012	0.73211617988
5310699	0.2727354008	0.7272645992
5313472	0.2664926685199999	0.73350733148
5317744	0.26760588119999995	0.7323941188
5320274	0.34930430955999997	0.6506956904400001
5322804	0.33312287119999995	0.6668771288
5325389	0.31164825199999996	0.6883517480000001
5328688	0.3097814816	0.6902185184
5331209	0.21599152744000003	0.78400847256
5334031	0.5398411241200001	0.46015887587999993
5336624	0.29822414643999995	0.70177585356
5339182	0.1630916992	0.8369083008
5341820	0.28715055600000006	0.7128494439999999
5344334	0.2617590356000001	0.7382409643999999
5347037	0.27482471519999996	0.7251752848
5349555	0.29558722800000004	0.704412772
5352112	0.273667272	0.726332728
5354822	0.2661452356	0.7338547644
5357342	0.2005748056	0.7994251944
5360271	0.23223126380000003	0.7677687362
5362846	0.20102326156	0.79897673844
5365418	0.2299886496	0.7700113504
5368040	0.23870663728400007	0.7612933627159999
5370602	0.22476864704	0.77523135296
5373181	0.24862671920000007	0.7513732808
5375830	0.19097124564	0.80902875436
5378923	0.306223517728	0.6937764822720001
5381836	0.345244472284	0.654755527716
5384485	0.2798838144	0.7201161856
5387053	0.3196091536	0.6803908464
5389579	0.32324846799999996	0.676751532
5392124	0.323893318	0.676106682
5394731	0.33506170455999995	0.66493829544
5397239	0.33795669599999995	0.662043304
5400003	0.33064404	0.6693559600000001
5402820	0.31641585759999996	0.6835841424
5405357	0.3284438762479999	0.671556123752
5407893	0.29470314688000004	0.7052968531199999
5410466	0.23716316927199999	0.762836830728
5413133	0.24829550716000004	0.75170449284
5415794	0.23809832580000007	0.7619016742
5418331	0.23468855160000004	0.7653114484
5421663	0.2781493232	0.7218506767999999
5424164	0.3164770636	0.6835229364
5426789	0.27088613812000006	0.7291138618799999
5429728	0.27535169469599996	0.724648305304
5432304	0.2841467735560001	0.7158532264439998
5434895	0.25328222791599997	0.746717772084
5437409	0.3211985364	0.6788014635999999
5439925	0.2804137888	0.7195862112
5443289	0.290217762472	0.7097822375280001
5445793	0.3013224564	0.6986775436
5448349	0.29089289	0.7091071099999999
5450866	0.22444914440000002	0.7755508555999999
5453424	0.2494967136	0.7505032864
5456399	0.2959158892	0.7040841108
5459023	0.3470691159999999	0.6529308840000001
5461661	0.36205334	0.63794666
5464260	0.368384832	0.631615168
5466895	0.36746708399999994	0.6325329160000001
5469412	0.3456767894	0.6543232106
5472139	0.28978347579999997	0.7102165242
5474670	0.32552531400000007	0.6744746859999999
5477259	0.3365869244000001	0.6634130755999998
5479781	0.28060015279999995	0.7193998472
5482586	0.2613427836	0.7386572164
5485290	0.3224078054799998	0.6775921945200002
5487901	0.3357156963999999	0.6642843036000001
5490405	0.31861905628	0.68138094372
5492976	0.37848931960000004	0.6215106803999999
5495517	0.38120885272000005	0.61879114728
5498084	0.3921338582000001	0.6078661418
5500997	0.38869803360000005	0.6113019663999999
5503526	0.43923222399999995	0.560767776
5506032	0.403289084	0.5967109159999999
5508559	0.45303855199999987	0.5469614480000001
5511391	0.45045748799999996	0.549542512
5513993	0.3695452871999999	0.6304547128000001
5516611	0.43483514000000006	0.5651648599999999
5519204	0.35291849496000005	0.64708150504
5521792	0.44199890160000005	0.5580010983999999
5524875	0.45510795040000007	0.5448920495999999
5527711	0.45154301210400005	0.548456987896
5530267	0.5183214201896	0.48167857981039996
5532817	0.45127738159999997	0.5487226184
5535580	0.43568361368	0.56431638632
5538114	0.3250939564	0.6749060436000001
5540661	0.4608154684000001	0.5391845315999999
5543285	0.5266815116000001	0.4733184883999999
5545886	0.34676104879999997	0.6532389512000001
5548476	0.5232708744	0.4767291256
5551804	0.5476308692	0.45236913079999996
5554321	0.6342896372000001	0.3657103627999999
5556980	0.685284344	0.31471565599999995
5559581	0.667788812	0.33221118800000005
5562274	0.8214173063320002	0.17858269366799984
5564890	0.6940047139999999	0.30599528600000014
5567410	0.643456092	0.356543908
5569915	0.5334712187999999	0.4665287812000001
5572439	0.5380540072	0.46194599280000004
5575107	0.6120743216	0.38792567840000003
5578850	0.6156750000000001	0.3843249999999999
5581354	0.4249768044	0.5750231956
5583979	0.6241002135999999	0.3758997864000001
5586481	0.6309776631999999	0.3690223368000001
5589014	0.59436950848	0.40563049151999997
5591533	0.5212858852000002	0.4787141147999998
5594089	0.6294507879999999	0.3705492120000001
5596735	0.6224105759999999	0.37758942400000006
5599255	0.55074356	0.44925644
5601984	0.540131904	0.459868096
5604732	0.603561824	0.396438176
5607261	0.5995722680000001	0.4004277319999999
5609833	0.7094881116	0.2905118884
5612419	0.6867009600000001	0.31329903999999986
5614957	0.615392	0.38460799999999995
5617694	0.733195588	0.26680441200000005
5620573	0.64365332	0.35634668
5623212	0.47909756800000003	0.520902432
5625868	0.5520868040000001	0.4479131959999999
5628434	0.49079125800000006	0.509208742
5634179	0.43489276140000016	0.5651072385999998
5636717	0.25493799096	0.74506200904
5639367	0.5435080655599999	0.45649193444000014
5641901	0.6769658894320001	0.3230341105679999
5645015	0.5307354080000001	0.4692645919999999
5647532	0.570902228	0.429097772
5650225	0.5218487403600001	0.47815125963999994
5652877	0.62183997	0.37816003
5655434	0.534843376	0.465156624
5666798	0.29254101600000004	0.707458984
5669358	0.324423428	0.675576572
5671900	0.277346772	0.722653228
5674533	0.325035904	0.6749640960000001
5677189	0.3885509467999999	0.6114490532000001
5679762	0.42384207200000007	0.576157928
5682360	0.4011059880000001	0.5988940119999999
5684996	0.42679878000000004	0.57320122
5687522	0.479233788	0.5207662120000001
5690057	0.4055069999999999	0.5944930000000002
5692804	0.4931225032000001	0.5068774967999998
5695329	0.5246482	0.4753518
5700108	0.4786801279999999	0.5213198720000001
5702711	0.47689862	0.52310138
5705320	0.5340772375999999	0.4659227624000001
5707903	0.5203184756	0.4796815244
5710680	0.6310365696	0.3689634304
5713504	0.549919656	0.45008034399999997
5717488	0.6701534000000001	0.3298465999999999
5720711	0.6616400799999999	0.33835992000000015
5723334	0.6587863200000001	0.34121367999999985
5725964	0.6327985599999999	0.3672014400000001
5729041	0.49064216	0.5093578400000001
5731668	0.5064149999999998	0.49358500000000016
5734376	0.52799544	0.47200456
5736988	0.33711004	0.66288996
5739647	0.4360472799999999	0.5639527200000001
5742241	0.42260591999999986	0.5773940800000001
5745079	0.5138422799999999	0.4861577200000001
5748760	0.5981854028000001	0.4018145971999999
5751527	0.60322474776	0.39677525224
5754069	0.52612764456	0.47387235543999995
5756608	0.625700343908	0.374299656092
5759321	0.5348235516	0.46517644840000005
5762171	0.4025255564	0.5974744436
5764832	0.426908988	0.573091012
5767612	0.5628697440000001	0.4371302559999999
5770134	0.57721158	0.42278842000000005
5772755	0.5158732180000001	0.4841267819999999
5775411	0.5588533207199999	0.44114667928000006
5778127	0.6308422235199999	0.36915777648000014
5781083	0.4664305604	0.5335694395999999
5783788	0.5835002600000001	0.4164997399999999
5786450	0.803470646	0.19652935400000004
5788975	0.6919139040000001	0.3080860959999999
5791788	0.7226211599999999	0.2773788400000001
5794291	0.7062473199999999	0.2937526800000001
5796879	0.681244712	0.31875528799999997
5799415	0.6389656948	0.3610343052
5802203	0.45684408879999994	0.5431559112000001
5804861	0.6042415999999999	0.39575840000000007
5807679	0.6959902000000002	0.3040097999999998
5810243	0.6573990639999999	0.3426009360000001
5812821	0.64388346	0.35611654000000004
5816638	0.578786684	0.421213316
5871347	0.18024438759999994	0.8197556124
5924971	0.54102212	0.45897787999999995
5928799	0.5212751200000001	0.4787248799999999
5931805	0.440659944	0.5593400559999999
5934536	0.34070106240000003	0.6592989376
5937142	0.503932384	0.49606761600000004
5939843	0.51086458	0.48913542
5942670	0.4462521800000001	0.5537478199999999
5945309	0.6029809391999998	0.39701906080000016
5948233	0.5432014600000001	0.45679853999999986
5951082	0.54584288	0.45415711999999997
5953646	0.42429491599999986	0.5757050840000002
5956327	0.3877782608	0.6122217392
5958890	0.58068506516	0.41931493484000004
5961437	0.5429938080000001	0.4570061919999999
5964231	0.4404280072	0.5595719928
5966926	0.531340672	0.468659328
5969495	0.31976900839999994	0.6802309916
5972011	0.5864985816	0.4135014184
5974608	0.6090485599999999	0.39095144000000015
5977129	0.67426536	0.32573463999999996
5980016	0.7489568400000001	0.25104315999999993
5982668	0.6748135199999998	0.32518648000000017
5986986	0.6719285200000001	0.32807147999999986
5990070	0.6841969396	0.31580306039999995
5993279	0.71821796076	0.28178203924
5995950	0.6774405440000001	0.3225594559999999
5999090	0.5160554592000001	0.48394454079999993
6001631	0.7104565599999999	0.2895434400000001
6005944	0.6963002839999999	0.3036997160000001
6009409	0.695329996	0.304670004
6012298	0.6902362002000001	0.3097637997999999
6015286	0.5670553648	0.43294463520000004
6017900	0.6136466079999999	0.3863533920000001
6020770	0.6866614847999999	0.3133385152000001
6023641	0.5839621804	0.41603781959999997
6026418	0.5027302707999999	0.4972697292000001
6029592	0.563428276	0.436571724
6032420	0.500563202	0.49943679799999996
6035018	0.5309759348	0.46902406519999995
6037588	0.49995063440000004	0.5000493656
6040223	0.4385571240000001	0.5614428759999999
6042774	0.479373468	0.520626532
6045488	0.49370796	0.5062920399999999
6048333	0.4582482399999999	0.5417517600000001
6050837	0.270723048	0.729276952
6053362	0.257162542	0.742837458
6055903	0.4140673816	0.5859326184
6058452	0.5053119368000001	0.4946880631999999
6061380	0.4816673812400001	0.5183326187599999
6063903	0.4186628759999999	0.581337124
6066679	0.36789482	0.6321051799999999
6069262	0.4065101719999999	0.593489828
6071868	0.44284221319999995	0.5571577868
6074424	0.46345924960000007	0.5365407503999999
6076956	0.33941847200000014	0.6605815279999998
6079854	0.5589450199999999	0.4410549800000001
6083051	0.451431	0.548569
6085572	0.44923299600000005	0.5507670039999999
6088239	0.586752452	0.41324754799999996
6090817	0.6428307372	0.35716926280000005
6093337	0.644687092	0.35531290800000004
6095875	0.5118293919999999	0.4881706080000001
6098385	0.5267302480000001	0.4732697519999999
6101065	0.48417842400000005	0.515821576
6104023	0.39675839279999997	0.6032416072
6106850	0.45287640599999995	0.5471235940000001
6109606	0.35900112892	0.64099887108
6112177	0.39270599600000006	0.6072940039999999
6114699	0.3255037124	0.6744962876
6117508	0.6314747917600001	0.3685252082399999
6120078	0.477878576	0.5221214240000001
6122614	0.5483955996000001	0.45160440039999994
6125260	0.5778785120000001	0.42212148799999993
6127786	0.512781008	0.48721899199999996
6130361	0.561789344	0.438210656
6133314	0.5371507172	0.46284928280000004
6135908	0.5441924079999999	0.4558075920000001
6138423	0.503265944	0.496734056
6141096	0.6550571799999999	0.3449428200000001
6144480	0.6659681959999999	0.3340318040000001
6147294	0.7720278400000001	0.22797215999999987
6150143	0.7549187199999998	0.24508128000000018
6152812	0.7556233772000001	0.24437662279999994
6155431	0.587115916	0.412884084
6158369	0.639948816	0.360051184
6161158	0.6064666400000001	0.39353335999999994
6163664	0.66059916	0.33940084000000004
6166711	0.7611325600000001	0.23886743999999993
6169247	0.74686212	0.25313788000000004
6171865	0.8445160239999998	0.1554839760000002
6174370	0.8082714560000003	0.19172854399999972
6176903	0.82425618	0.17574382
6179418	0.798994	0.20100600000000002
6181951	0.7764546000000001	0.2235453999999999
6184546	0.69122988	0.30877012000000004
6187401	0.694741884	0.30525811599999997
6189921	0.7150695599999999	0.2849304400000001
6193067	0.6439301999999999	0.3560698000000001
6199573	0.64043136	0.35956864
6202081	0.66929112	0.33070888
6204585	0.557422272	0.44257772799999995
6207356	0.7021066608000001	0.29789333919999994
6209998	0.632580892	0.367419108
6212512	0.6828052000000001	0.3171947999999999
6216441	0.65933352	0.34066648
6222662	0.5455263999999999	0.45447360000000014
6225253	0.535238828	0.464761172
6227946	0.5156324199999999	0.48436758000000013
6230542	0.469622532	0.530377468
6233121	0.6330254340000001	0.3669745659999999
6235664	0.7187570947999999	0.28124290520000006
6238193	0.6773236352	0.32267636479999995
6240706	0.6938159679999998	0.3061840320000002
6243322	0.6025117720000001	0.39748822799999994
6246218	0.5892318	0.4107682
6248736	0.49045703199999996	0.5095429680000001
6251264	0.310795264	0.689204736
6253816	0.48356939200000015	0.5164306079999998
6256319	0.5413877519999999	0.4586122480000001
6258837	0.48083411600000003	0.519165884
6261343	0.5667908759999999	0.4332091240000001
6263855	0.6827912324000001	0.31720876759999994
6266359	0.6331987880000001	0.36680121199999993
6269037	0.5148840680000001	0.4851159319999999
6271553	0.617592372	0.38240762800000005
6274290	0.73247584	0.26752416
6277023	0.5527841400000001	0.4472158599999999
6279584	0.753709924	0.24629007599999997
6282217	0.7620382800000001	0.23796171999999993
6284806	0.83785428	0.16214572000000005
6287338	0.8873926	0.11260740000000002
6289873	0.77785612	0.22214387999999996
6292383	0.7472293600000002	0.2527706399999998
6295038	0.7603064116	0.2396935884
6297930	0.697393004	0.30260699599999996
6300740	0.6279197599999999	0.37208024000000006
6303346	0.60247286	0.39752714
6306095	0.574677448	0.425322552
6308658	0.6253423575999999	0.3746576424000001
6311238	0.51625808	0.48374192000000005
6313768	0.581268	0.418732
6316495	0.6908751399999999	0.30912486000000006
6319197	0.53754574	0.46245426
6322089	0.615200396	0.384799604
6324621	0.65326829404	0.34673170596
6327195	0.54963324	0.45036676
6329954	0.5801689564	0.4198310436
6332463	0.5157063080000001	0.48429369199999994
6335212	0.6162109056	0.3837890944
6338100	0.4561143279999999	0.543885672
6340630	0.6065871623999999	0.3934128376000001
6343176	0.6028082400000001	0.3971917599999999
6345948	0.5617962240000001	0.43820377599999993
6348460	0.509804092	0.490195908
6351042	0.4924056508	0.5075943492
6353557	0.43829251599999997	0.561707484
6356063	0.46006955200000005	0.539930448
6358799	0.46016359599999995	0.5398364040000001
6361930	0.26324947600000004	0.736750524
6364523	0.2720593924	0.7279406076
6367141	0.3589802524	0.6410197476
6369702	0.4137133999999999	0.5862866000000001
6372209	0.4466070856000001	0.5533929143999998
6374721	0.456576052	0.543423948
6377319	0.45307881999999994	0.54692118
6380116	0.3455371888	0.6544628111999999
6382733	0.416653164	0.583346836
6385339	0.42992046040000004	0.5700795396
6387917	0.43916659832	0.5608334016800001
6390429	0.3571875488	0.6428124512
6392941	0.39697866400000015	0.6030213359999999
6395594	0.3789769400000001	0.62102306
6398166	0.314115744	0.685884256
6400742	0.54232776172	0.45767223828000003
6403274	0.45800070799999987	0.5419992920000001
6405788	0.47242974800000004	0.527570252
6408365	0.43462914000000014	0.5653708599999998
6411180	0.49856187279999986	0.5014381272000001
6413723	0.47202717000000005	0.52797283
6416322	0.48513165159999994	0.5148683484000001
6419102	0.5422668119999999	0.45773318800000007
6421606	0.564209812	0.435790188
6424218	0.541153016	0.458846984
6426748	0.5803327175999999	0.41966728240000006
6429393	0.469323408	0.5306765920000001
6431956	0.617760692	0.38223930800000006
6434641	0.5915	0.4085
6437184	0.5574347536799998	0.44256524632000016
6439910	0.6008266423999999	0.39917335760000006
6442434	0.501152448	0.49884755199999997
6444972	0.502973272	0.49702672800000003
6447655	0.47846319600000004	0.5215368039999999
6450249	0.6480034014799999	0.3519965985200001
6452987	0.58039094	0.41960906
6455553	0.61669616	0.38330383999999995
6458207	0.53476362	0.46523638
6460856	0.4442248399999999	0.55577516
6463420	0.5261833144000001	0.4738166855999999
6466291	0.4232715040000001	0.5767284959999999
6468870	0.6398409292000001	0.36015907079999987
6472401	0.509044604	0.49095539600000004
6474909	0.629549192	0.37045080799999996
6477423	0.5863885200000002	0.4136114799999998
6480129	0.4994358	0.5005642
6482699	0.5219912399999999	0.47800876000000014
6485347	0.47157154519999994	0.5284284548
6487963	0.32150270400000003	0.678497296
6490668	0.385060456	0.6149395440000001
6493516	0.3723939335999999	0.6276060664
6496154	0.2835738272	0.7164261728
6498720	0.24786052599999997	0.752139474
6501264	0.2730663208	0.7269336792000001
6504559	0.20139814468800005	0.798601855312
6507418	0.3436920368	0.6563079632
6510034	0.39236726559999996	0.6076327344000001
6512641	0.448011392	0.551988608
6515159	0.550802052	0.449197948
6517809	0.4609671439999999	0.5390328560000002
6520477	0.4217257668	0.5782742331999999
6523359	0.30339883599999995	0.696601164
6525866	0.2048365524	0.7951634476
6529649	0.32318301299999996	0.676816987
6533698	0.562492092	0.43750790799999995
6536294	0.5424893764	0.45751062360000005
6539145	0.6360104399999998	0.36398956000000016
6541931	0.5934148600000001	0.4065851399999999
6544514	0.569124868	0.43087513200000005
6547181	0.5600137732	0.4399862268
6549895	0.4699372679999999	0.5300627320000001
6552396	0.5966440770800001	0.4033559229199999
6555232	0.5277089635999999	0.47229103640000014
6557851	0.4961626439999998	0.5038373560000002
6560354	0.4908186316000001	0.5091813684
6563160	0.48769638559999995	0.5123036144
6565834	0.53243398608	0.46756601391999997
6568384	0.28692878059999993	0.7130712194000001
6570965	0.28089916839999995	0.7191008316
6573743	0.2402826952	0.7597173048
6576272	0.58576324624	0.41423675376
6578920	0.45816291200000003	0.541837088
6581573	0.492557872	0.507442128
6584177	0.4762928610800002	0.5237071389199999
6587467	0.4230819975999998	0.5769180024000002
6590444	0.3206851973599999	0.6793148026400001
6593433	0.40600026400000006	0.593999736
6596111	0.40152144000000006	0.59847856
6598638	0.434922708	0.565077292
6601152	0.4136851200000001	0.58631488
6604320	0.4705403119999999	0.5294596880000001
6607071	0.46743229199999997	0.532567708
6609788	0.4681812159999999	0.5318187840000002
6612397	0.38730057399999995	0.612699426
6615017	0.45592778	0.54407222
6618528	0.275548764	0.7244512359999999
6621115	0.341925756	0.658074244
6623682	0.261875172	0.738124828
6626234	0.32632932400000003	0.673670676
6628762	0.263056796	0.736943204
6631263	0.304792348	0.695207652
6633996	0.40142476480000006	0.5985752352
6636764	0.39862443160000005	0.6013755684
6639886	0.3786331479999999	0.6213668520000001
6643539	0.381869396	0.618130604
6646125	0.31609417599999995	0.683905824
6648660	0.496055974	0.503944026
6651244	0.44858727600000003	0.551412724
6655269	0.290466008	0.709533992
6658006	0.3512025899599999	0.64879741004
6660697	0.2964159308	0.7035840691999999
6663278	0.11663335439999999	0.8833666456
6665839	0.3442456239999999	0.6557543760000001
6668381	0.19552993600000002	0.804470064
6670979	0.3890169880000001	0.6109830119999999
6673923	0.29746430799999996	0.7025356920000001
6677022	0.4007795359999999	0.5992204640000001
6679593	0.359217688	0.640782312
6682175	0.3681870440000001	0.6318129559999999
6684771	0.45831085599999993	0.541689144
6687276	0.43553966720000004	0.5644603328
6689892	0.4152526004	0.5847473996
6692758	0.34127933599999993	0.6587206640000001
6695620	0.327936428	0.672063572
6698138	0.26447392399999997	0.735526076
6700655	0.278413792	0.721586208
6703302	0.52533293204	0.47466706796
6705878	0.6094307360000001	0.3905692639999999
6708928	0.5169093015199998	0.4830906984800002
6711436	0.606520748	0.393479252
6714040	0.5974207879999999	0.40257921200000013
6716795	0.4844996648	0.5155003352
6719440	0.521958124	0.47804187600000003
6721965	0.45124257999999995	0.54875742
6724587	0.5276911219999999	0.4723088780000001
6727422	0.5774071256000001	0.42259287439999993
6730384	0.48673389600000005	0.513266104
6733570	0.5650858767999999	0.4349141232000001
6736299	0.7011403728000002	0.2988596271999998
6738881	0.404473772	0.595526228
6741554	0.4148025968	0.5851974032
6744307	0.323811092	0.676188908
6747066	0.20773471840000002	0.7922652816
6749736	0.32641304204	0.67358695796
6752700	0.39707597151999996	0.60292402848
6755941	0.244162876	0.755837124
6758821	0.2688574872	0.7311425128
6761445	0.44141275480000014	0.5585872451999998
6764385	0.810521955648	0.189478044352
6767276	0.7380689282799997	0.2619310717200003
6770968	0.6145059400000001	0.38549405999999986
6773660	0.674810832	0.325189168
6776388	0.7275988240000001	0.2724011759999999
6779059	0.6691751199999999	0.3308248800000001
6781561	0.6481472319999999	0.3518527680000001
6784272	0.5142585519999998	0.4857414480000002
6786961	0.533375556	0.466624444
6789462	0.470591024	0.529408976
6792116	0.41888824799999996	0.581111752
6794901	0.33364603600000003	0.666353964
6797879	0.36646913999999997	0.63353086
6800857	0.3135265320000001	0.686473468
6803931	0.392229108	0.607770892
6806976	0.36845728800000005	0.6315427119999999
6809484	0.3086409544	0.6913590456
6812282	0.19605447399999998	0.803945526
6814807	0.12344012304000002	0.87655987696
6817310	0.15160091920000002	0.8483990807999999
6820140	0.12231515091999999	0.87768484908
6822645	0.22365668664000002	0.77634331336
6825220	0.34234168972000006	0.65765831028
6828266	0.155559568	0.844440432
6830771	0.25062082199999997	0.7493791780000001
6833384	0.12891238400000002	0.871087616
6836203	0.28958721600000004	0.710412784
6838931	0.3820111884	0.6179888116000001
6842562	0.3046237396	0.6953762604
6845169	0.3760895556000001	0.6239104443999999
6847696	0.27118888	0.72881112
6850322	0.3008272448	0.6991727552
6852860	0.32444095599999995	0.6755590440000001
6855697	0.2865921616	0.7134078384
6859171	0.17100944519999994	0.8289905548000001
6861780	0.39574884	0.60425116
6864403	0.6084532625200001	0.3915467374799999
6867025	0.47114667419999995	0.5288533258000001
6869620	0.38346489199999995	0.6165351080000001
6872171	0.4699298528	0.5300701472
6875169	0.3844993559999999	0.6155006440000002
6877704	0.31245712	0.6875428800000001
6880469	0.53809792	0.46190208
6883078	0.5100951928	0.48990480719999996
6885701	0.43780099599999994	0.562199004
6888286	0.37658328899999993	0.6234167110000001
6890813	0.41834751499999995	0.581652485
6893689	0.356437744	0.643562256
6896244	0.1039388412	0.8960611588
6898897	0.2537901679999999	0.7462098320000001
6901557	0.13468331199999997	0.8653166880000001
6904379	0.14295773039999998	0.8570422696
6907045	0.09057227600000001	0.9094277239999999
6909600	0.16927966895999993	0.8307203310400001
6912115	0.16653997599999992	0.8334600240000001
6914676	0.1464878608	0.8535121392
6917218	0.30388687999999997	0.69611312
6920031	0.4507435600000001	0.54925644
6922700	0.50450584	0.49549416
6925258	0.49880276040000004	0.5011972396
6927795	0.58898431636	0.41101568363999996
6930450	0.5364522624	0.4635477376
6933096	0.5369240588	0.46307594119999995
6936084	0.4027674800000001	0.5972325199999999
6938727	0.45463341199999996	0.545366588
6941335	0.47726156	0.52273844
6944073	0.42064017464000003	0.57935982536
6946636	0.5319323039599999	0.4680676960400001
6949148	0.37611187400000007	0.623888126
6951655	0.3516781560000002	0.6483218439999998
6954156	0.44700831928	0.5529916807199999
6956798	0.32005743532	0.6799425646799999
6960001	0.30387223280000003	0.6961277671999999
6962520	0.35198809600000003	0.648011904
6965442	0.3084978152	0.6915021848
6967971	0.13877617559999997	0.8612238244
6970761	0.19030455999999998	0.80969544
6973381	0.22829092920000002	0.7717090708
6975960	0.31125176068000004	0.68874823932
6978541	0.237840768	0.762159232
6981208	0.3236549579599999	0.6763450420400001
6984029	0.24983907560000002	0.7501609244
6986561	0.2917222564	0.7082777436000001
6989243	0.17005587920000004	0.8299441208
6991813	0.247539244	0.7524607560000001
6995686	0.29678566399999995	0.703214336
6998314	0.349401626	0.650598374
7000950	0.3565934303999999	0.6434065696000001
7003698	0.3550667847999999	0.6449332152
7006245	0.2086366208	0.7913633792
7009247	0.4028815240000001	0.5971184759999999
7011977	0.416814478	0.583185522
7014494	0.34096106400000004	0.659038936
7017007	0.446184972	0.553815028
7019683	0.43083818	0.5691618199999999
7022454	0.44830616800000006	0.551693832
7025310	0.45805225200000016	0.5419477479999999
7027960	0.44080118	0.55919882
7030553	0.40944049720000014	0.5905595027999999
7033202	0.6111253343999998	0.38887466560000017
7035889	0.45316677199999994	0.5468332280000001
7038586	0.452966524	0.547033476
7041360	0.53736847	0.46263153
7043875	0.569759428	0.430240572
7046474	0.5202673843200002	0.4797326156799998
7049037	0.58762930304	0.41237069695999995
7051547	0.5865306124000002	0.41346938759999985
7054119	0.5404092840000001	0.4595907159999999
7056997	0.5690878040000001	0.43091219599999986
7059502	0.5623703080000001	0.4376296919999999
7062068	0.5564259720000001	0.4435740279999999
7064619	0.5960970912000001	0.4039029087999999
7067131	0.6456836131999999	0.3543163868000001
7069672	0.6403286800000001	0.3596713199999999
7072210	0.64950571916	0.35049428084
7074807	0.6262751043999999	0.3737248956000001
7077845	0.8025536433600001	0.19744635663999988
7080793	0.657949924	0.34205007600000004
7083659	0.69729316	0.30270684000000003
7086318	0.6257387200000001	0.3742612799999999
7088822	0.6186153564000001	0.3813846435999999
7091443	0.50913714	0.49086286
7093983	0.4761379	0.5238621
7096535	0.64552496	0.35447503999999996
7099790	0.6546928799999999	0.3453071200000001
7102307	0.6666121200000003	0.33338787999999975
7105023	0.618586296	0.38141370399999996
7107979	0.5646184399999999	0.43538156000000006
7111148	0.6286326047999999	0.37136739520000006
7118387	0.6305223999999999	0.3694776000000001
7120920	0.4257849	0.5742151
7123553	0.501321044	0.498678956
7126413	0.43517834000000005	0.56482166
7128936	0.4982701072	0.5017298928
7131597	0.47645184239999994	0.5235481576000001
7134227	0.48478550096000006	0.5152144990399999
7136737	0.39778894479999993	0.6022110552000001
7139428	0.39889898160000004	0.6011010184
7141936	0.5447490831999999	0.45525091680000007
7144463	0.5809658	0.4190342
7147128	0.53301552	0.46698448000000004
7151123	0.64915064	0.35084936
